# T9	Mean Rate	One Sigma
0.001	6385684000.0	1.0211318
0.0010186	6381609000.0	1.0211321
0.0010376	6377500700.0	1.0211323
0.0010569	6373356000.0	1.0211327
0.0010766	6369176000.0	1.0211331
0.0010967	6364961000.0	1.0211333
0.0011171	6360709000.0	1.0211337
0.0011379	6356421600.0	1.0211339
0.0011591	6352097300.0	1.0211343
0.0011807	6347736600.0	1.0211346
0.0012027	6343338500.0	1.0211349
0.0012251	6338903000.0	1.0211352
0.0012479	6334429700.0	1.0211356
0.0012712	6329919000.0	1.0211359
0.0012949	6325369300.0	1.0211363
0.001319	6320782000.0	1.0211366
0.0013436	6316155400.0	1.0211369
0.0013686	6311489500.0	1.0211372
0.0013941	6306785000.0	1.0211376
0.0014201	6302040000.0	1.021138
0.0014465	6297255000.0	1.0211383
0.0014735	6292430300.0	1.0211387
0.0015009	6287565300.0	1.021139
0.0015289	6282658300.0	1.0211394
0.0015573	6277711000.0	1.0211399
0.0015864	6272722000.0	1.0211402
0.0016159	6267691000.0	1.0211406
0.001646	6262617600.0	1.0211409
0.0016767	6257502700.0	1.0211413
0.0017079	6252344300.0	1.0211418
0.0017397	6247143000.0	1.0211421
0.0017721	6241898500.0	1.0211425
0.0018051	6236610600.0	1.021143
0.0018388	6231278600.0	1.0211433
0.001873	6225901600.0	1.0211438
0.0019079	6220481000.0	1.0211442
0.0019435	6215015400.0	1.0211446
0.0019797	6209503700.0	1.021145
0.0020166	6203947000.0	1.0211455
0.0020541	6198344700.0	1.0211458
0.0020924	6192696000.0	1.0211463
0.0021314	6187000000.0	1.0211468
0.0021711	6181257700.0	1.0211471
0.0022115	6175468000.0	1.0211476
0.0022527	6169630000.0	1.0211481
0.0022947	6163745300.0	1.0211486
0.0023374	6157812000.0	1.021149
0.002381	6151830500.0	1.0211495
0.0024253	6145800700.0	1.02115
0.0024705	6139720000.0	1.0211505
0.0025165	6133590500.0	1.021151
0.0025634	6127411000.0	1.0211514
0.0026112	6121181700.0	1.0211519
0.0026598	6114901500.0	1.0211524
0.0027094	6108569600.0	1.021153
0.0027598	6102187500.0	1.0211535
0.0028112	6095752700.0	1.0211539
0.0028636	6089266000.0	1.0211544
0.002917	6082727400.0	1.021155
0.0029713	6076135000.0	1.0211555
0.0030266	6069489700.0	1.0211561
0.003083	6062789600.0	1.0211565
0.0031405	6056035300.0	1.0211571
0.003199	6049227000.0	1.0211577
0.0032586	6042362400.0	1.0211582
0.0033193	6035442000.0	1.0211588
0.0033811	6028464600.0	1.0211594
0.0034441	6021429000.0	1.02116
0.0035082	6014335500.0	1.0211605
0.0035736	6007182300.0	1.0211612
0.0036402	5999969000.0	1.0211618
0.003708	5992694000.0	1.0211624
0.0037771	5985356000.0	1.021163
0.0038474	5977953300.0	1.0211636
0.0039191	5970485000.0	1.0211642
0.0039921	5962948000.0	1.0211649
0.0040665	5955341300.0	1.0211656
0.0041422	5947663000.0	1.0211662
0.0042194	5939909000.0	1.0211669
0.004298	5932076500.0	1.0211676
0.0043781	5924164600.0	1.0211684
0.0044596	5916167000.0	1.0211691
0.0045427	5908082000.0	1.0211698
0.0046273	5899903500.0	1.0211705
0.0047135	5891628500.0	1.0211713
0.0048013	5883250700.0	1.0211722
0.0048908	5874765000.0	1.0211729
0.0049819	5866165000.0	1.0211738
0.0050747	5857445000.0	1.0211747
0.0051692	5848596500.0	1.0211755
0.0052655	5839613000.0	1.0211766
0.0053636	5830486000.0	1.0211774
0.0054636	5821207000.0	1.0211785
0.0055653	5811768000.0	1.0211794
0.005669	5802157000.0	1.0211805
0.0057746	5792366000.0	1.0211816
0.0058822	5782383000.0	1.0211828
0.0059918	5772199000.0	1.021184
0.0061034	5761800000.0	1.0211852
0.0062171	5751175700.0	1.0211865
0.0063329	5740313600.0	1.0211878
0.0064509	5729199600.0	1.0211892
0.0065711	5717823500.0	1.0211905
0.0066935	5706171400.0	1.0211921
0.0068182	5694230000.0	1.0211935
0.0069452	5681985500.0	1.0211952
0.0070746	5669426000.0	1.0211967
0.0072064	5656538000.0	1.0211985
0.0073406	5643309600.0	1.0212002
0.0074773	5629727000.0	1.021202
0.0076166	5615778300.0	1.0212039
0.0077585	5601451000.0	1.0212058
0.0079031	5586735000.0	1.0212077
0.0080503	5571620000.0	1.0212097
0.0082003	5556093400.0	1.0212119
0.008353	5540148700.0	1.021214
0.0085086	5523775500.0	1.0212163
0.0086671	5506968000.0	1.0212184
0.0088286	5489718000.0	1.0212208
0.0089931	5472022000.0	1.0212231
0.0091606	5453872000.0	1.0212256
0.0093313	5435269000.0	1.021228
0.0095051	5416209400.0	1.0212305
0.0096822	5396691500.0	1.021233
0.0098625	5376717300.0	1.0212356
0.0100463	5356287500.0	1.0212382
0.0102334	5335407000.0	1.0212408
0.010424	5314078700.0	1.0212436
0.0106182	5292309000.0	1.0212463
0.010816	5270107000.0	1.0212489
0.0110175	5247480000.0	1.0212517
0.0112228	5224438000.0	1.0212544
0.0114318	5200993000.0	1.0212573
0.0116448	5177157000.0	1.02126
0.0118617	5152944600.0	1.0212629
0.0120827	5128371000.0	1.0212656
0.0123078	5103452000.0	1.0212685
0.0125371	5078205000.0	1.0212712
0.0127706	5052650000.0	1.021274
0.0130085	5026804000.0	1.0212767
0.0132509	5000687000.0	1.0212796
0.0134977	4974323000.0	1.0212822
0.0137492	4947731500.0	1.0212849
0.0140053	4920935400.0	1.0212877
0.0142662	4893957600.0	1.0212903
0.014532	4866821600.0	1.0212928
0.0148027	4839550500.0	1.0212954
0.0150785	4812168700.0	1.0212979
0.0153593	4784701000.0	1.0213003
0.0156455	4757168600.0	1.0213028
0.0159369	4729600000.0	1.0213052
0.0162338	4702016500.0	1.0213075
0.0165362	4674444000.0	1.0213099
0.0168443	4646905300.0	1.0213119
0.0171581	4619422700.0	1.0213141
0.0174777	4592020000.0	1.0213162
0.0178033	4564720000.0	1.0213183
0.018135	4537546000.0	1.0213202
0.0184728	4510517000.0	1.0213221
0.0188169	4483655700.0	1.021324
0.0191675	4456980000.0	1.0213258
0.0195246	4430511000.0	1.0213275
0.0198883	4404267500.0	1.0213292
0.0202588	4378264600.0	1.0213308
0.0206362	4352519700.0	1.0213324
0.0210206	4327050000.0	1.0213338
0.0214122	4301869600.0	1.0213352
0.0218111	4276991500.0	1.0213367
0.0222174	4252428500.0	1.021338
0.0226313	4228193000.0	1.0213392
0.0230529	4204296000.0	1.0213404
0.0234823	4180746200.0	1.0213417
0.0239198	4157553200.0	1.0213428
0.0243654	4134724400.0	1.0213438
0.0248193	4112266500.0	1.0213448
0.0252817	4090183700.0	1.0213459
0.0257526	4068483000.0	1.0213468
0.0262324	4047167000.0	1.0213478
0.0267211	4026238700.0	1.0213487
0.0272188	4005699300.0	1.0213495
0.0277259	3985549800.0	1.0213504
0.0282424	3965789700.0	1.0213513
0.0287685	3946419200.0	1.021352
0.0293045	3927437300.0	1.0213529
0.0298504	3908839200.0	1.0213537
0.0304065	3890622700.0	1.0213546
0.0309729	3872785200.0	1.0213553
0.0315499	3855319600.0	1.0213561
0.0321376	3838222300.0	1.0213569
0.0327363	3821486800.0	1.0213577
0.0333462	3805107700.0	1.0213585
0.0339674	3789075500.0	1.0213593
0.0346002	3773384700.0	1.0213602
0.0352447	3758026800.0	1.021361
0.0359013	3742994200.0	1.021362
0.0365701	3728276200.0	1.0213628
0.0372514	3713865200.0	1.0213639
0.0379453	3699751700.0	1.0213647
0.0386522	3685924000.0	1.0213658
0.0393723	3672375000.0	1.0213667
0.0401057	3659092700.0	1.0213678
0.0408529	3646066400.0	1.021369
0.0416139	3633287000.0	1.02137
0.0423891	3620741600.0	1.0213712
0.0431788	3608422400.0	1.0213724
0.0439832	3596316200.0	1.0213736
0.0448025	3584413000.0	1.021375
0.0456372	3572702000.0	1.0213764
0.0464873	3561172200.0	1.0213777
0.0473533	3549811500.0	1.0213791
0.0482355	3538611700.0	1.0213807
0.0491341	3527560700.0	1.0213821
0.0500494	3516648000.0	1.0213836
0.0509818	3505862400.0	1.0213853
0.0519315	3495195100.0	1.021387
0.0528989	3484634400.0	1.0213888
0.0538844	3474171600.0	1.0213904
0.0548882	3463797000.0	1.0213922
0.0559107	3453500200.0	1.0213941
0.0569523	3443271400.0	1.021396
0.0580132	3433102300.0	1.0213981
0.059094	3422984400.0	1.0214001
0.0601948	3412907500.0	1.0214021
0.0613162	3402864600.0	1.0214043
0.0624584	3392847000.0	1.0214064
0.063622	3382846500.0	1.0214087
0.0648072	3372855300.0	1.021411
0.0660145	3362866700.0	1.0214132
0.0672443	3352873500.0	1.0214156
0.068497	3342867700.0	1.021418
0.069773	3332843800.0	1.0214205
0.0710728	3322795800.0	1.0214229
0.0723968	3312716500.0	1.0214255
0.0737455	3302601700.0	1.0214281
0.0751193	3292444400.0	1.0214307
0.0765187	3282240500.0	1.0214335
0.0779442	3271984600.0	1.0214361
0.0793962	3261672400.0	1.021439
0.0808752	3251299300.0	1.0214417
0.0823819	3240860700.0	1.0214446
0.0839166	3230354400.0	1.0214474
0.0854798	3219775000.0	1.0214503
0.0870722	3209120300.0	1.0214534
0.0886943	3198387700.0	1.0214564
0.0903466	3187573200.0	1.0214595
0.0920297	3176675000.0	1.0214624
0.0937441	3165691000.0	1.0214657
0.0954904	3154617900.0	1.0214689
0.0972693	3143456300.0	1.0214719
0.0990814	3132201500.0	1.0214752
0.1009272	3120855300.0	1.0214785
0.1028073	3109414000.0	1.0214819
0.1047225	3097879600.0	1.0214851
0.1066734	3086247700.0	1.0214884
0.1086606	3074521000.0	1.0214918
0.1106848	3062697200.0	1.0214951
0.1127468	3050775800.0	1.0214986
0.1148472	3038760000.0	1.021502
0.1169866	3026646500.0	1.0215055
0.119166	3014437000.0	1.021509
0.1213859	3002133000.0	1.0215126
0.1236472	2989733400.0	1.0215161
0.1259506	2977241000.0	1.0215197
0.128297	2964655400.0	1.0215231
0.130687	2951978500.0	1.0215269
0.1331216	2939212300.0	1.0215305
0.1356015	2926358500.0	1.021534
0.1381276	2913415000.0	1.0215377
0.1407008	2900389400.0	1.0215412
0.1433219	2887278000.0	1.0215449
0.1459919	2874084900.0	1.0215486
0.1487115	2860813600.0	1.0215522
0.1514819	2847465000.0	1.0215559
0.1543038	2834042400.0	1.0215595
0.1571784	2820544000.0	1.0215634
0.1601064	2806978800.0	1.021567
0.1630891	2793345000.0	1.0215707
0.1661273	2779646200.0	1.0215744
0.169222	2765884700.0	1.021578
0.1723745	2752064800.0	1.0215818
0.1755856	2738187500.0	1.0215855
0.1788566	2724257300.0	1.021589
0.1821885	2710275000.0	1.0215927
0.1855825	2696247800.0	1.0215963
0.1890397	2682174000.0	1.0215999
0.1925614	2668059000.0	1.0216036
0.1961486	2653905400.0	1.021607
0.1998026	2639716900.0	1.0216107
0.2035248	2625496300.0	1.0216143
0.2073162	2611249200.0	1.0216177
0.2111783	2596973600.0	1.0216213
0.2151123	2582680000.0	1.0216246
0.2191197	2568365800.0	1.021628
0.2232016	2554037000.0	1.0216314
0.2273597	2539695400.0	1.0216347
0.2315951	2525344800.0	1.0216382
0.2359095	2510992000.0	1.0216414
0.2403043	2496636700.0	1.0216448
0.2447809	2482282000.0	1.0216478
0.2493409	2467934500.0	1.021651
0.2539859	2453595100.0	1.0216541
0.2587174	2439267600.0	1.0216572
0.2635371	2424957400.0	1.0216602
0.2684465	2410666800.0	1.021663
0.2734474	2396398000.0	1.0216659
0.2785414	2382154800.0	1.0216686
0.2837304	2367940400.0	1.0216714
0.289016	2353760300.0	1.021674
0.2944	2339614000.0	1.0216769
0.2998844	2325509600.0	1.0216794
0.305471	2311447000.0	1.0216817
0.3111616	2297430800.0	1.0216839
0.3169582	2283463000.0	1.0216861
0.3228628	2269546500.0	1.0216886
0.3288774	2255687200.0	1.0216906
0.3350041	2241886000.0	1.0216928
0.3412449	2228145000.0	1.0216944
0.3476019	2214470700.0	1.0216962
0.3540774	2200864300.0	1.0216979
0.3606735	2187327000.0	1.0216995
0.3673925	2173861600.0	1.021701
0.3742366	2160475000.0	1.0217024
0.3812083	2147165800.0	1.0217037
0.3883098	2133937300.0	1.0217048
0.3955436	2120794800.0	1.021706
0.4029122	2107739300.0	1.0217069
0.4104181	2094772500.0	1.0217077
0.4180637	2081895800.0	1.0217081
0.4258518	2069113900.0	1.0217091
0.433785	2056428900.0	1.0217094
0.441866	2043840600.0	1.02171
0.4500975	2031354500.0	1.0217099
0.4584824	2018970500.0	1.0217099
0.4670234	2006690200.0	1.02171
0.4757236	1994518500.0	1.0217097
0.4845859	1982454700.0	1.0217091
0.4936132	1970499200.0	1.0217091
0.5028087	1958654200.0	1.0217084
0.5121755	1946923800.0	1.0217075
0.5217169	1935307600.0	1.0217068
0.5314359	1923807500.0	1.0217057
0.541336	1912424700.0	1.0217044
0.5514206	1901157500.0	1.0217035
0.561693	1890011600.0	1.021702
0.5721568	1878986500.0	1.0217001
0.5828155	1868080300.0	1.0216988
0.5936727	1857293400.0	1.021697
0.6047322	1846634500.0	1.0216948
0.6159978	1836091100.0	1.0216928
0.6274732	1825677000.0	1.0216906
0.6391624	1815383700.0	1.0216881
0.6510694	1805212300.0	1.021686
0.6631981	1795166100.0	1.0216831
0.6755528	1785244900.0	1.0216802
0.6881377	1775441700.0	1.0216782
0.700957	1765764700.0	1.0216745
0.7140151	1756211100.0	1.0216715
0.7273165	1746779900.0	1.0216683
0.7408657	1737468500.0	1.0216647
0.7546673	1728272900.0	1.0216621
0.768726	1719201800.0	1.0216584
0.7830465	1710248700.0	1.0216554
0.7976339	1701413100.0	1.0216514
0.812493	1692692700.0	1.021648
0.8276289	1684089000.0	1.021644
0.8430468	1675598300.0	1.0216407
0.8587519	1667218600.0	1.0216364
0.8747496	1658947600.0	1.0216329
0.8910453	1650788000.0	1.0216283
0.9076446	1642734800.0	1.0216248
0.9245531	1634785700.0	1.0216206
0.9417766	1626937300.0	1.0216163
0.9593209	1619187100.0	1.0216129
0.9771921	1611537400.0	1.0216079
0.9953962	1603984600.0	1.0216036
1.0139395	1596520600.0	1.0215999
1.0328281	1589150800.0	1.0215954
1.0520687	1581863700.0	1.0215911
1.0716676	1574664200.0	1.0215869
1.0916317	1567548500.0	1.0215822
1.1119677	1560504300.0	1.0215791
1.1326826	1553542700.0	1.0215749
1.1537833	1546652700.0	1.02157
1.1752771	1539829800.0	1.0215659
1.1971713	1533073500.0	1.0215621
1.2194734	1526383700.0	1.0215583
1.242191	1519752800.0	1.0215538
1.2653318	1513171700.0	1.0215503
1.2889036	1506650100.0	1.0215464
1.3129146	1500171300.0	1.0215424
1.3373729	1493743600.0	1.0215384
1.3622868	1487357700.0	1.0215348
1.3876648	1481009200.0	1.0215312
1.4135156	1474699000.0	1.0215286
1.439848	1468415600.0	1.0215251
1.4666709	1462169500.0	1.021521
1.4939935	1455938000.0	1.0215176
1.5218251	1449724900.0	1.0215155
1.5501751	1443537000.0	1.0215126
1.5790533	1437365800.0	1.0215093
1.6084695	1431198000.0	1.0215071
1.6384336	1425047000.0	1.021504
1.668956	1418892800.0	1.0215008
1.700047	1412744000.0	1.0214986
1.7317171	1406595700.0	1.0214974
1.7639773	1400434200.0	1.0214942
1.7968384	1394272000.0	1.0214928
1.8303117	1388095400.0	1.0214921
1.8644085	1381913000.0	1.0214876
1.8991406	1375709800.0	1.0214875
1.9345197	1369493500.0	1.0214839
1.9705578	1363257300.0	1.0214827
2.0072673	1356988400.0	1.0214827
2.0446607	1350704100.0	1.0214806
2.0827506	1344389600.0	1.0214807
2.1215502	1338056300.0	1.0214791
2.1610725	1331690500.0	1.0214779
2.2013311	1325299800.0	1.0214769
2.2423397	1318876800.0	1.0214756
2.2841122	1312422000.0	1.0214736
2.3266629	1305937500.0	1.0214727
2.3700063	1299416600.0	1.0214734
2.4141571	1292870400.0	1.0214717
2.4591304	1286287400.0	1.0214736
2.5049415	1280390000.0	1.0214704
2.5516061	1280390000.0	1.0214704
2.5991399	1280390000.0	1.0214704
2.6475593	1280390000.0	1.0214704
2.6968806	1280390000.0	1.0214704
2.7471208	1280390000.0	1.0214704
2.7982969	1280390000.0	1.0214704
2.8504263	1280390000.0	1.0214704
2.9035269	1280390000.0	1.0214704
2.9576167	1280390000.0	1.0214704
3.0127141	1280390000.0	1.0214704
3.0688379	1280390000.0	1.0214704
3.1260072	1280390000.0	1.0214704
3.1842416	1280390000.0	1.0214704
3.2435608	1280390000.0	1.0214704
3.3039851	1280390000.0	1.0214704
3.365535	1280390000.0	1.0214704
3.4282315	1280390000.0	1.0214704
3.492096	1280390000.0	1.0214704
3.5571502	1280390000.0	1.0214704
3.6234163	1280390000.0	1.0214704
3.6909169	1280390000.0	1.0214704
3.759675	1280390000.0	1.0214704
3.8297139	1280390000.0	1.0214704
3.9010576	1280390000.0	1.0214704
3.9737304	1280390000.0	1.0214704
4.047757	1280390000.0	1.0214704
4.1231626	1280390000.0	1.0214704
4.1999729	1280390000.0	1.0214704
4.2782142	1280390000.0	1.0214704
4.357913	1280390000.0	1.0214704
4.4390965	1280390000.0	1.0214704
4.5217924	1280390000.0	1.0214704
4.6060288	1280390000.0	1.0214704
4.6918345	1280390000.0	1.0214704
4.7792386	1280390000.0	1.0214704
4.868271	1280390000.0	1.0214704
4.958962	1280390000.0	1.0214704
5.0513425	1280390000.0	1.0214704
5.1454439	1280390000.0	1.0214704
5.2412983	1280390000.0	1.0214704
5.3389384	1280390000.0	1.0214704
5.4383974	1280390000.0	1.0214704
5.5397093	1280390000.0	1.0214704
5.6429085	1280390000.0	1.0214704
5.7480302	1280390000.0	1.0214704
5.8551102	1280390000.0	1.0214704
5.9641849	1280390000.0	1.0214704
6.0752917	1280390000.0	1.0214704
6.1884682	1280390000.0	1.0214704
6.3037532	1280390000.0	1.0214704
6.4211857	1280390000.0	1.0214704
6.5408059	1280390000.0	1.0214704
6.6626545	1280390000.0	1.0214704
6.7867731	1280390000.0	1.0214704
6.9132038	1280390000.0	1.0214704
7.0419898	1280390000.0	1.0214704
7.1731749	1280390000.0	1.0214704
7.306804	1280390000.0	1.0214704
7.4429223	1280390000.0	1.0214704
7.5815765	1280390000.0	1.0214704
7.7228136	1280390000.0	1.0214704
7.8666818	1280390000.0	1.0214704
8.0132301	1280390000.0	1.0214704
8.1625085	1280390000.0	1.0214704
8.3145678	1280390000.0	1.0214704
8.4694598	1280390000.0	1.0214704
8.6272373	1280390000.0	1.0214704
8.787954	1280390000.0	1.0214704
8.9516647	1280390000.0	1.0214704
9.1184252	1280390000.0	1.0214704
9.2882923	1280390000.0	1.0214704
9.4613238	1280390000.0	1.0214704
9.6375787	1280390000.0	1.0214704
9.817117	1280390000.0	1.0214704
10.0	1280390000.0	1.0214704
