# T9	Mean Rate	One Sigma
0.001	4.510954	1.009777
0.0010186	4.405273	1.0096259
0.0010376	4.2902923	1.0098499
0.0010569	4.168777	1.0094414
0.0010766	4.033995	1.0100446
0.0010967	3.893875	1.0096613
0.0011171	3.745415	1.0101371
0.0011379	3.5863311	1.0095816
0.0011591	3.4189622	1.0099055
0.0011807	3.2451127	1.009598
0.0012027	3.0621343	1.0101131
0.0012251	2.8801656	1.0089362
0.0012479	2.6797688	1.0097635
0.0012712	2.479343	1.0081166
0.0012949	2.2743945	1.008838
0.001319	2.0597491	1.0100324
0.0013436	1.8473332	1.0074314
0.0013686	1.6227541	1.0082693
0.0013941	1.393842	1.0056833
0.0014201	1.1577706	1.0052056
0.0014465	0.92731154	1.0072279
0.0014735	0.6982978	1.0049583
0.0015009	0.46579587	1.0002939
0.0015289	0.2220087	0.9867691
0.0037771	0.103013255	0.42627615
0.0038474	0.44637784	0.8650013
0.0039191	0.57937765	0.93617225
0.0039921	0.9102321	0.94240606
0.0040665	1.2285024	0.9413934
0.0041422	1.3395199	0.98299724
0.0042194	1.7443992	0.9654133
0.004298	1.8520534	1.0189979
0.0043781	2.063614	0.98667806
0.0044596	2.3927276	0.998871
0.0045427	2.6513858	0.9699468
0.0046273	3.0214612	0.9707628
0.0047135	3.1297503	1.0047233
0.0048013	3.1233535	0.9412985
0.0048908	3.5758195	0.9668021
0.0049819	3.702644	1.0178026
0.0050747	3.6239605	0.99006075
0.0051692	3.989217	1.0008585
0.0052655	4.2669473	0.9880158
0.0053636	4.4934955	0.99984473
0.0054636	4.3969007	0.97325975
0.0055653	4.400894	0.9820477
0.005669	4.698859	0.95815426
0.0057746	4.5876875	1.006576
0.0058822	4.9123106	1.017835
0.0059918	4.86651	0.95907634
0.0061034	4.8138995	1.0196046
0.0062171	4.963039	1.0034549
0.0063329	4.9893284	0.99020773
0.0064509	5.19748	0.99017733
0.0065711	4.9300323	0.9298313
0.0066935	4.9981623	0.98861563
0.0068182	5.2731266	1.0319986
0.0069452	5.183537	1.028019
0.0070746	5.2606654	0.99715537
0.0072064	5.2721033	1.0123396
0.0073406	5.483745	0.9788614
0.0074773	5.777459	0.9884971
0.0076166	5.86388	0.9968119
0.0077585	6.777309	0.9746651
0.0079031	6.588519	0.99841106
0.0080503	7.249719	1.0048795
0.0082003	7.239366	0.98375726
0.008353	8.069066	0.9953327
0.0085086	9.093516	1.0139387
0.0086671	10.2859	0.98234314
0.0088286	10.924408	0.96755767
0.0089931	12.041518	1.0167724
0.0091606	12.909281	0.97471464
0.0093313	14.954111	1.0323323
0.0095051	16.486864	1.009411
0.0096822	17.932625	1.0214541
0.0098625	20.35767	1.0001229
0.0100463	21.850702	1.0325295
0.0102334	25.489985	0.98686105
0.010424	28.133234	1.0114524
0.0106182	31.946363	1.0033345
0.010816	35.534435	1.0103987
0.0110175	38.984764	1.0054729
0.0112228	44.684135	1.0048182
0.0114318	50.06302	1.0031272
0.0116448	55.48898	1.0026687
0.0118617	62.06168	0.9969993
0.0120827	70.30829	1.0115283
0.0123078	77.71131	1.0097779
0.0125371	86.34203	1.0116826
0.0127706	95.89179	1.0099887
0.0130085	108.09055	1.0063229
0.0132509	118.711395	1.0115837
0.0134977	131.86028	1.0070609
0.0137492	145.87737	1.00658
0.0140053	160.55951	1.0100896
0.0142662	178.95753	1.0046029
0.014532	196.40784	1.0075575
0.0148027	216.57408	1.0110797
0.0150785	239.7188	1.008264
0.0153593	264.73074	1.0086842
0.0156455	288.16797	1.0089103
0.0159369	317.11584	1.010806
0.0162338	350.6779	1.0102243
0.0165362	385.66125	1.0114765
0.0168443	422.92654	1.0076587
0.0171581	466.1295	1.0107358
0.0174777	504.88275	1.0080357
0.0178033	553.7711	1.008763
0.018135	606.4734	1.0101684
0.0184728	663.8989	1.0113806
0.0188169	724.88617	1.0057358
0.0191675	784.2891	1.0137964
0.0195246	861.58044	1.0111446
0.0198883	937.5238	1.0091904
0.0202588	1018.212	1.0112141
0.0206362	1111.0488	1.00893
0.0210206	1205.4993	1.0094432
0.0214122	1309.7137	1.0113962
0.0218111	1422.1608	1.0097502
0.0222174	1544.7953	1.011342
0.0226313	1675.89	1.011053
0.0230529	1815.0082	1.0089748
0.0234823	1969.2396	1.0103009
0.0239198	2133.1821	1.0106833
0.0243654	2311.051	1.009412
0.0248193	2492.2808	1.0114009
0.0252817	2701.3623	1.0081471
0.0257526	2913.9448	1.009134
0.0262324	3149.047	1.0088524
0.0267211	3395.74	1.0111188
0.0272188	3672.7124	1.0099711
0.0277259	3952.9302	1.0109999
0.0282424	4264.475	1.0101569
0.0287685	4586.1016	1.0117744
0.0293045	4939.382	1.0088904
0.0298504	5307.297	1.0102528
0.0304065	5719.685	1.0103117
0.0309729	6137.512	1.01004
0.0315499	6602.034	1.0112768
0.0321376	7079.1733	1.0106472
0.0327363	7608.114	1.0099176
0.0333462	8149.9927	1.0107417
0.0339674	8744.235	1.0104561
0.0346002	9362.826	1.011555
0.0352447	10040.42	1.0091906
0.0359013	10754.232	1.0104402
0.0365701	11498.148	1.0101786
0.0372514	12314.761	1.0092255
0.0379453	13153.441	1.0098444
0.0386522	14050.482	1.0107224
0.0393723	15022.508	1.0095743
0.0401057	16030.789	1.0091738
0.0408529	17104.303	1.0098151
0.0416139	18238.502	1.0102856
0.0423891	19456.863	1.0107024
0.0431788	20721.148	1.0107945
0.0439832	22087.95	1.0095936
0.0448025	23511.121	1.0105647
0.0456372	25037.9	1.0096844
0.0464873	26598.799	1.0105754
0.0473533	28313.65	1.0101647
0.0482355	30075.52	1.0099884
0.0491341	31964.895	1.0110935
0.0500494	33940.586	1.0107787
0.0509818	36068.32	1.0100589
0.0519315	38283.66	1.0099297
0.0528989	40623.758	1.0099037
0.0538844	43044.56	1.0103047
0.0548882	45597.684	1.0104437
0.0559107	48308.145	1.0097402
0.0569523	51180.277	1.0096005
0.0580132	54142.445	1.010241
0.059094	57299.344	1.0103886
0.0601948	60614.61	1.0096881
0.0613162	64113.215	1.0097729
0.0624584	67673.16	1.0102916
0.063622	71537.61	1.0096482
0.0648072	75535.984	1.0104582
0.0660145	79817.1	1.0103437
0.0672443	84181.24	1.0099311
0.068497	88746.64	1.0101732
0.069773	93589.3	1.010036
0.0710728	98661.53	1.0104934
0.0723968	103951.766	1.0103769
0.0737455	109551.38	1.0103668
0.0751193	115286.734	1.0100234
0.0765187	121375.23	1.0094883
0.0779442	127633.4	1.0103482
0.0793962	134248.7	1.0098557
0.0808752	141090.36	1.010571
0.0823819	148384.12	1.0096812
0.0839166	155908.92	1.010252
0.0854798	163585.52	1.0105673
0.0870722	171751.88	1.0098889
0.0886943	180298.1	1.0104412
0.0903466	189247.48	1.0103552
0.0920297	198426.72	1.0099707
0.0937441	207980.2	1.0106608
0.0954904	217973.22	1.0102394
0.0972693	228384.58	1.0100137
0.0990814	239179.11	1.0106528
0.1009272	250422.8	1.0103462
0.1028073	262313.53	1.0100758
0.1047225	274418.1	1.009831
0.1066734	286988.7	1.0096864
0.1086606	300125.72	1.0096214
0.1106848	313694.28	1.0102082
0.1127468	327700.6	1.010351
0.1148472	342525.75	1.00946
0.1169866	357596.44	1.0105045
0.119166	373569.7	1.0105082
0.1213859	389792.97	1.0101591
0.1236472	406596.84	1.0101602
0.1259506	423896.9	1.010602
0.128297	442419.53	1.00978
0.130687	460997.16	1.0097741
0.1331216	480693.4	1.0101062
0.1356015	500836.8	1.0104282
0.1381276	521776.53	1.0100367
0.1407008	543358.25	1.0097599
0.1433219	565269.56	1.0104514
0.1459919	588628.25	1.0099115
0.1487115	612199.4	1.0102865
0.1514819	636945.4	1.0100555
0.1543038	662191.7	1.0099754
0.1571784	688208.44	1.0104278
0.1601064	715420.56	1.0103582
0.1630891	743497.0	1.0105095
0.1661273	771971.25	1.0100725
0.169222	802170.1	1.00988
0.1723745	832151.56	1.01
0.1755856	863624.94	1.0101427
0.1788566	896217.8	1.0101125
0.1821885	929694.56	1.0101874
0.1855825	964430.94	1.0101883
0.1890397	999701.7	1.0104475
0.1925614	1036648.5	1.010341
0.1961486	1074092.8	1.0100297
0.1998026	1112069.9	1.0105706
0.2035248	1152163.5	1.010422
0.2073162	1194225.4	1.0100683
0.2111783	1235805.6	1.0103433
0.2151123	1279165.4	1.0104157
0.2191197	1324078.2	1.0100042
0.2232016	1369234.2	1.010223
0.2273597	1415631.5	1.0105246
0.2315951	1465227.1	1.0102327
0.2359095	1513693.5	1.0104598
0.2403043	1564534.8	1.0102465
0.2447809	1616776.2	1.0103124
0.2493409	1671219.1	1.0099058
0.2539859	1725679.2	1.0101277
0.2587174	1782177.0	1.0103577
0.2635371	1840207.1	1.0105547
0.2684465	1900219.0	1.0103776
0.2734474	1959899.6	1.0102836
0.2785414	2022778.9	1.0100899
0.2837304	2086708.9	1.0104123
0.289016	2151505.2	1.0103174
0.2944	2219167.5	1.0103718
0.2998844	2288064.5	1.0102291
0.305471	2358742.0	1.0098267
0.3111616	2430336.8	1.0101628
0.3169582	2504874.5	1.0103756
0.3228628	2577444.2	1.0107441
0.3288774	2655793.8	1.010574
0.3350041	2734492.8	1.0103699
0.3412449	2816445.5	1.0103847
0.3476019	2897764.8	1.0105155
0.3540774	2982863.5	1.0105401
0.3606735	3070761.2	1.010262
0.3673925	3156776.0	1.0098319
0.3742366	3248371.2	1.0105106
0.3812083	3337671.2	1.0108359
0.3883098	3432294.2	1.0103482
0.3955436	3530472.8	1.0100831
0.4029122	3628371.2	1.0102079
0.4104181	3725677.5	1.010662
0.4180637	3830568.0	1.0101979
0.4258518	3933205.0	1.0105118
0.433785	4038496.0	1.0105983
0.441866	4149784.2	1.0103532
0.4500975	4260226.0	1.0105046
0.4584824	4373571.0	1.0103531
0.4670234	4489684.5	1.0104356
0.4757236	4608531.5	1.0104234
0.4845859	4728352.5	1.0107648
0.4936132	4848066.5	1.0099947
0.5028087	4972117.0	1.0105205
0.5121755	5095210.0	1.0105624
0.5217169	5233757.5	1.0103139
0.5314359	5364932.5	1.010493
0.541336	5499046.5	1.0107398
0.5514206	5637817.5	1.00988
0.561693	5781206.5	1.0098562
0.5721568	5921461.5	1.0098515
0.5828155	6064814.5	1.0107237
0.5936727	6212371.0	1.0102849
0.6047322	6356658.5	1.0115435
0.6159978	6523527.5	1.0101213
0.6274732	6673409.0	1.0099623
0.6391624	6825836.5	1.0114731
0.6510694	6989518.5	1.0106826
0.6631981	7155832.0	1.0103179
0.6755528	7329841.5	1.010549
0.6881377	7489735.0	1.0102795
0.700957	7661082.0	1.0117552
0.7140151	7842000.5	1.0106775
0.7273165	8022041.5	1.0113533
0.7408657	8204851.0	1.0101086
0.7546673	8391653.0	1.0113579
0.768726	8573105.0	1.0105143
0.7830465	8757593.0	1.0108379
0.7976339	8948131.0	1.0108025
0.812493	9149234.0	1.0111474
0.8276289	9367690.0	1.009774
0.8430468	9563831.0	1.0095663
0.8587519	9773899.0	1.0112097
0.8747496	9989153.0	1.0097001
0.8910453	10192872.0	1.0100001
0.9076446	10418319.0	1.0100447
0.9245531	10625662.0	1.0112038
0.9417766	10853282.0	1.0131496
0.9593209	11073202.0	1.0121033
0.9771921	11308595.0	1.0118372
0.9953962	11531574.0	1.0115119
1.0139395	11757142.0	1.0111504
1.0328281	12034291.0	1.0116345
1.0520687	12271994.0	1.0111111
1.0716676	12522374.0	1.0103678
1.0916317	12759715.0	1.0113302
1.1119677	13005562.0	1.0129048
1.1326826	13272716.0	1.01199
1.1537833	13539550.0	1.0098492
1.1752771	13830779.0	1.0123397
1.1971713	14102600.0	1.011005
1.2194734	14395402.0	1.0121609
1.242191	14639185.0	1.011768
1.2653318	14931005.0	1.0119522
1.2889036	15250422.0	1.0112674
1.3129146	15518473.0	1.012669
1.3373729	15803998.0	1.0131025
1.3622868	16068787.0	1.0137329
1.3876648	16355878.0	1.0143265
1.4135156	16728256.0	1.0095818
1.439848	16997526.0	1.0137799
1.4666709	17319296.0	1.0118089
1.4939935	17598726.0	1.0152564
1.5218251	17934668.0	1.0104854
1.5501751	18355092.0	1.0093852
1.5790533	18678310.0	1.0134044
1.6084695	19010912.0	1.0124559
1.6384336	19346842.0	1.0114461
1.668956	19770950.0	1.010379
1.700047	19947608.0	1.0153686
1.7317171	20453378.0	1.0153962
1.7639773	20876122.0	1.0146502
1.7968384	21032898.0	1.0182508
1.8303117	21600724.0	1.0178676
1.8644085	21882962.0	1.0124081
1.8991406	22407050.0	1.0157664
1.9345197	22663090.0	1.0129153
1.9705578	23059588.0	1.0148231
2.0072673	23385944.0	1.0114907
2.0446607	23809882.0	1.0114416
2.0827506	24486866.0	1.0125479
2.1215502	24744474.0	1.0067418
2.1610725	25125666.0	1.0172238
2.2013311	25534374.0	1.017092
2.2423397	25806714.0	1.009044
2.2841122	26096008.0	1.0227271
2.3266629	26763598.0	1.0156024
2.3700063	27094910.0	1.0147192
2.4141571	27397942.0	1.0165956
2.4591304	28167624.0	1.0204996
2.5049415	28349420.0	1.0153972
2.5516061	28833214.0	1.0167532
2.5991399	29358712.0	1.0187579
2.6475593	30531824.0	1.0148555
2.6968806	30369324.0	1.0169092
2.7471208	30456934.0	1.0325847
2.7982969	31138562.0	1.0184219
2.8504263	32435634.0	1.0124342
2.9035269	32420046.0	1.021177
2.9576167	32249990.0	1.0308235
3.0127141	33190176.0	1.019313
3.0688379	33110824.0	1.0177519
3.1260072	33922132.0	1.0343553
3.1842416	34523216.0	1.0324494
3.2435608	33844596.0	1.0321256
3.3039851	35437108.0	1.0037477
3.365535	37039428.0	1.0301136
3.4282315	36722424.0	1.0022103
3.492096	36693224.0	1.024783
3.5571502	37134824.0	1.026721
3.6234163	39286124.0	1.0314817
3.6909169	39778484.0	1.0221028
3.759675	41753676.0	1.0288191
3.8297139	41070652.0	1.0234226
3.9010576	40715704.0	1.0402792
3.9737304	40494596.0	1.0048347
4.047757	41661800.0	1.0099995
4.1231626	41661800.0	1.0099995
4.1999729	41661800.0	1.0099995
4.2782142	41661800.0	1.0099995
4.357913	41661800.0	1.0099995
4.4390965	41661800.0	1.0099995
4.5217924	41661800.0	1.0099995
4.6060288	41661800.0	1.0099995
4.6918345	41661800.0	1.0099995
4.7792386	41661800.0	1.0099995
4.868271	41661800.0	1.0099995
4.958962	41661800.0	1.0099995
5.0513425	41661800.0	1.0099995
5.1454439	41661800.0	1.0099995
5.2412983	41661800.0	1.0099995
5.3389384	41661800.0	1.0099995
5.4383974	41661800.0	1.0099995
5.5397093	41661800.0	1.0099995
5.6429085	41661800.0	1.0099995
5.7480302	41661800.0	1.0099995
5.8551102	41661800.0	1.0099995
5.9641849	41661800.0	1.0099995
6.0752917	41661800.0	1.0099995
6.1884682	41661800.0	1.0099995
6.3037532	41661800.0	1.0099995
6.4211857	41661800.0	1.0099995
6.5408059	41661800.0	1.0099995
6.6626545	41661800.0	1.0099995
6.7867731	41661800.0	1.0099995
6.9132038	41661800.0	1.0099995
7.0419898	41661800.0	1.0099995
7.1731749	41661800.0	1.0099995
7.306804	41661800.0	1.0099995
7.4429223	41661800.0	1.0099995
7.5815765	41661800.0	1.0099995
7.7228136	41661800.0	1.0099995
7.8666818	41661800.0	1.0099995
8.0132301	41661800.0	1.0099995
8.1625085	41661800.0	1.0099995
8.3145678	41661800.0	1.0099995
8.4694598	41661800.0	1.0099995
8.6272373	41661800.0	1.0099995
8.787954	41661800.0	1.0099995
8.9516647	41661800.0	1.0099995
9.1184252	41661800.0	1.0099995
9.2882923	41661800.0	1.0099995
9.4613238	41661800.0	1.0099995
9.6375787	41661800.0	1.0099995
9.817117	41661800.0	1.0099995
10.0	41661800.0	1.0099995
