# T9	Mean Rate	One Sigma
0.001	691543700.0	1.0026987
0.0010186	691410600.0	1.0026985
0.0010376	691276350.0	1.0026985
0.0010569	691141060.0	1.0026985
0.0010766	691004500.0	1.0026985
0.0010967	690866800.0	1.0026984
0.0011171	690728000.0	1.0026984
0.0011379	690588000.0	1.0026984
0.0011591	690446800.0	1.0026984
0.0011807	690304260.0	1.0026983
0.0012027	690160640.0	1.0026983
0.0012251	690015740.0	1.0026983
0.0012479	689869700.0	1.0026982
0.0012712	689722400.0	1.0026982
0.0012949	689573800.0	1.0026982
0.001319	689424000.0	1.0026981
0.0013436	689272800.0	1.0026981
0.0013686	689120450.0	1.0026981
0.0013941	688966850.0	1.0026981
0.0014201	688811900.0	1.002698
0.0014465	688655600.0	1.002698
0.0014735	688498050.0	1.002698
0.0015009	688339100.0	1.0026978
0.0015289	688178900.0	1.0026978
0.0015573	688017200.0	1.0026978
0.0015864	687854300.0	1.0026977
0.0016159	687690000.0	1.0026977
0.001646	687524350.0	1.0026976
0.0016767	687357250.0	1.0026976
0.0017079	687188740.0	1.0026976
0.0017397	687018800.0	1.0026975
0.0017721	686847550.0	1.0026975
0.0018051	686674750.0	1.0026975
0.0018388	686500540.0	1.0026973
0.001873	686324900.0	1.0026973
0.0019079	686147840.0	1.0026972
0.0019435	685969200.0	1.0026972
0.0019797	685789100.0	1.0026972
0.0020166	685607550.0	1.0026971
0.0020541	685424600.0	1.0026971
0.0020924	685239940.0	1.002697
0.0021314	685053800.0	1.002697
0.0021711	684866240.0	1.0026969
0.0022115	684677000.0	1.0026969
0.0022527	684486200.0	1.0026968
0.0022947	684293760.0	1.0026968
0.0023374	684099900.0	1.0026966
0.002381	683904300.0	1.0026966
0.0024253	683707200.0	1.0026965
0.0024705	683508400.0	1.0026965
0.0025165	683308000.0	1.0026964
0.0025634	683106000.0	1.0026964
0.0026112	682902200.0	1.0026963
0.0026598	682696900.0	1.0026963
0.0027094	682489800.0	1.0026962
0.0027598	682281100.0	1.0026962
0.0028112	682070660.0	1.002696
0.0028636	681858370.0	1.002696
0.002917	681644500.0	1.0026959
0.0029713	681428860.0	1.0026958
0.0030266	681211460.0	1.0026958
0.003083	680992260.0	1.0026957
0.0031405	680771400.0	1.0026957
0.003199	680548540.0	1.0026956
0.0032586	680324030.0	1.0026954
0.0033193	680097600.0	1.0026954
0.0033811	679869440.0	1.0026953
0.0034441	679639360.0	1.0026952
0.0035082	679407400.0	1.0026952
0.0035736	679173700.0	1.0026951
0.0036402	678938050.0	1.002695
0.003708	678700400.0	1.002695
0.0037771	678461060.0	1.0026948
0.0038474	678219600.0	1.0026947
0.0039191	677976260.0	1.0026946
0.0039921	677731100.0	1.0026946
0.0040665	677483700.0	1.0026945
0.0041422	677234500.0	1.0026944
0.0042194	676983230.0	1.0026942
0.004298	676730000.0	1.0026942
0.0043781	676474800.0	1.0026941
0.0044596	676217540.0	1.002694
0.0045427	675958200.0	1.0026939
0.0046273	675696900.0	1.0026938
0.0047135	675433300.0	1.0026937
0.0048013	675167740.0	1.0026937
0.0048908	674900160.0	1.0026935
0.0049819	674630400.0	1.0026934
0.0050747	674358460.0	1.0026933
0.0051692	674084500.0	1.0026932
0.0052655	673808260.0	1.002693
0.0053636	673529860.0	1.0026929
0.0054636	673249300.0	1.0026928
0.0055653	672966500.0	1.0026927
0.005669	672681600.0	1.0026926
0.0057746	672394300.0	1.0026925
0.0058822	672104800.0	1.0026923
0.0059918	671813000.0	1.0026922
0.0061034	671519040.0	1.0026921
0.0062171	671222660.0	1.002692
0.0063329	670924100.0	1.0026919
0.0064509	670623100.0	1.0026917
0.0065711	670319800.0	1.0026916
0.0066935	670014200.0	1.0026914
0.0068182	669706100.0	1.0026913
0.0069452	669395800.0	1.0026911
0.0070746	669082900.0	1.002691
0.0072064	668767550.0	1.0026909
0.0073406	668450050.0	1.0026908
0.0074773	668129900.0	1.0026906
0.0076166	667807300.0	1.0026904
0.0077585	667482240.0	1.0026903
0.0079031	667154600.0	1.0026901
0.0080503	666824500.0	1.00269
0.0082003	666491900.0	1.0026898
0.008353	666156740.0	1.0026896
0.0085086	665819100.0	1.0026895
0.0086671	665478700.0	1.0026894
0.0088286	665135740.0	1.0026891
0.0089931	664790340.0	1.002689
0.0091606	664442200.0	1.0026888
0.0093313	664091400.0	1.0026886
0.0095051	663737860.0	1.0026884
0.0096822	663381700.0	1.0026883
0.0098625	663022800.0	1.002688
0.0100463	662661250.0	1.0026879
0.0102334	662296800.0	1.0026877
0.010424	661929860.0	1.0026875
0.0106182	661560060.0	1.0026873
0.010816	661187460.0	1.0026871
0.0110175	660812000.0	1.0026869
0.0112228	660433660.0	1.0026867
0.0114318	660052400.0	1.0026865
0.0116448	659668540.0	1.0026863
0.0118617	659281660.0	1.002686
0.0120827	658891970.0	1.0026858
0.0123078	658499460.0	1.0026857
0.0125371	658103900.0	1.0026854
0.0127706	657705200.0	1.0026852
0.0130085	657303740.0	1.002685
0.0132509	656899300.0	1.0026847
0.0134977	656491800.0	1.0026845
0.0137492	656081200.0	1.0026842
0.0140053	655667700.0	1.002684
0.0142662	655251100.0	1.0026838
0.014532	654831300.0	1.0026835
0.0148027	654408450.0	1.0026832
0.0150785	653982500.0	1.0026829
0.0153593	653553340.0	1.0026827
0.0156455	653121150.0	1.0026824
0.0159369	652685630.0	1.0026821
0.0162338	652247040.0	1.0026819
0.0165362	651805200.0	1.0026816
0.0168443	651360060.0	1.0026813
0.0171581	650911600.0	1.002681
0.0174777	650459970.0	1.0026808
0.0178033	650005000.0	1.0026804
0.018135	649546700.0	1.0026802
0.0184728	649085000.0	1.0026798
0.0188169	648619970.0	1.0026795
0.0191675	648151500.0	1.0026792
0.0195246	647679740.0	1.0026789
0.0198883	647204500.0	1.0026785
0.0202588	646725760.0	1.0026783
0.0206362	646243600.0	1.0026779
0.0210206	645757800.0	1.0026776
0.0214122	645268700.0	1.0026772
0.0218111	644775940.0	1.0026768
0.0222174	644279550.0	1.0026765
0.0226313	643779700.0	1.0026761
0.0230529	643276100.0	1.0026758
0.0234823	642768960.0	1.0026754
0.0239198	642258240.0	1.002675
0.0243654	641743700.0	1.0026747
0.0248193	641225600.0	1.0026743
0.0252817	640703600.0	1.002674
0.0257526	640178050.0	1.0026735
0.0262324	639648600.0	1.0026731
0.0267211	639115460.0	1.0026728
0.0272188	638578400.0	1.0026723
0.0277259	638037500.0	1.002672
0.0282424	637492740.0	1.0026715
0.0287685	636944200.0	1.0026711
0.0293045	636391740.0	1.0026706
0.0298504	635835140.0	1.0026702
0.0304065	635274750.0	1.0026697
0.0309729	634710340.0	1.0026693
0.0315499	634141760.0	1.0026689
0.0321376	633569400.0	1.0026684
0.0327363	632992830.0	1.0026679
0.0333462	632412160.0	1.0026674
0.0339674	631827500.0	1.002667
0.0346002	631238600.0	1.0026665
0.0352447	630645500.0	1.002666
0.0359013	630048300.0	1.0026655
0.0365701	629447000.0	1.0026649
0.0372514	628841200.0	1.0026644
0.0379453	628231300.0	1.002664
0.0386522	627617100.0	1.0026634
0.0393723	626998460.0	1.0026629
0.0401057	626375600.0	1.0026623
0.0408529	625748300.0	1.0026617
0.0416139	625116600.0	1.0026612
0.0423891	624480600.0	1.0026606
0.0431788	623840000.0	1.00266
0.0439832	623195100.0	1.0026594
0.0448025	622545660.0	1.0026588
0.0456372	621891500.0	1.0026582
0.0464873	621233000.0	1.0026577
0.0473533	620569860.0	1.002657
0.0482355	619902140.0	1.0026565
0.0491341	619229630.0	1.0026559
0.0500494	618552770.0	1.0026551
0.0509818	617871040.0	1.0026546
0.0519315	617184500.0	1.0026538
0.0528989	616493440.0	1.0026532
0.0538844	615797570.0	1.0026525
0.0548882	615096800.0	1.0026518
0.0559107	614391300.0	1.0026511
0.0569523	613681000.0	1.0026505
0.0580132	612965800.0	1.0026498
0.059094	612245760.0	1.0026491
0.0601948	611520830.0	1.0026484
0.0613162	610791000.0	1.0026475
0.0624584	610056000.0	1.0026468
0.063622	609316200.0	1.0026461
0.0648072	608571460.0	1.0026453
0.0660145	607821630.0	1.0026445
0.0672443	607066750.0	1.0026437
0.068497	606306750.0	1.0026429
0.069773	605541800.0	1.0026422
0.0710728	604771700.0	1.0026413
0.0723968	603996500.0	1.0026405
0.0737455	603216100.0	1.0026397
0.0751193	602430500.0	1.0026388
0.0765187	601639900.0	1.0026379
0.0779442	600843970.0	1.002637
0.0793962	600042800.0	1.0026362
0.0808752	599236500.0	1.0026352
0.0823819	598424960.0	1.0026343
0.0839166	597608000.0	1.0026335
0.0854798	596786000.0	1.0026325
0.0870722	595958600.0	1.0026315
0.0886943	595125950.0	1.0026306
0.0903466	594288000.0	1.0026296
0.0920297	593444800.0	1.0026286
0.0937441	592596300.0	1.0026276
0.0954904	591742400.0	1.0026267
0.0972693	590883140.0	1.0026256
0.0990814	590018750.0	1.0026245
0.1009272	589149000.0	1.0026236
0.1028073	588273860.0	1.0026225
0.1047225	587393500.0	1.0026214
0.1066734	586507650.0	1.0026202
0.1086606	585616800.0	1.0026191
0.1106848	584720400.0	1.0026181
0.1127468	583818800.0	1.0026169
0.1148472	582912000.0	1.0026158
0.1169866	582000000.0	1.0026146
0.119166	581082600.0	1.0026134
0.1213859	580160200.0	1.0026122
0.1236472	579232500.0	1.002611
0.1259506	578299650.0	1.0026097
0.128297	577361600.0	1.0026085
0.130687	576418560.0	1.0026072
0.1331216	575470460.0	1.0026059
0.1356015	574517250.0	1.0026046
0.1381276	573559100.0	1.0026033
0.1407008	572596030.0	1.002602
0.1433219	571628160.0	1.0026007
0.1459919	570655360.0	1.0025992
0.1487115	569677760.0	1.0025978
0.1514819	568695500.0	1.0025965
0.1543038	567708540.0	1.0025951
0.1571784	566717000.0	1.0025935
0.1601064	565720900.0	1.0025921
0.1630891	564720450.0	1.0025905
0.1661273	563715650.0	1.0025891
0.169222	562706500.0	1.0025876
0.1723745	561693250.0	1.002586
0.1755856	560675840.0	1.0025843
0.1788566	559654460.0	1.0025828
0.1821885	558629200.0	1.0025811
0.1855825	557600200.0	1.0025795
0.1890397	556567400.0	1.0025778
0.1925614	555531300.0	1.0025761
0.1961486	554491700.0	1.0025743
0.1998026	553448900.0	1.0025727
0.2035248	552402900.0	1.0025709
0.2073162	551353900.0	1.0025691
0.2111783	550302140.0	1.0025672
0.2151123	549247700.0	1.0025654
0.2191197	548190700.0	1.0025635
0.2232016	547131400.0	1.0025616
0.2273597	546070140.0	1.0025595
0.2315951	545006660.0	1.0025576
0.2359095	543941600.0	1.0025556
0.2403043	542874900.0	1.0025536
0.2447809	541806800.0	1.0025514
0.2493409	540737660.0	1.0025494
0.2539859	539667650.0	1.0025473
0.2587174	538596860.0	1.0025451
0.2635371	537525800.0	1.0025429
0.2684465	536454340.0	1.0025406
0.2734474	535383070.0	1.0025383
0.2785414	534312160.0	1.002536
0.2837304	533241700.0	1.0025337
0.289016	532172380.0	1.0025313
0.2944	531104100.0	1.0025289
0.2998844	530037380.0	1.0025265
0.305471	528972400.0	1.002524
0.3111616	527909630.0	1.0025214
0.3169582	526849020.0	1.0025189
0.3228628	525791460.0	1.0025163
0.3288774	524736770.0	1.0025136
0.3350041	523685800.0	1.0025109
0.3412449	522638700.0	1.0025082
0.3476019	521595400.0	1.0025053
0.3540774	520556900.0	1.0025026
0.3606735	519523360.0	1.0024997
0.3673925	518495100.0	1.0024967
0.3742366	517472640.0	1.0024937
0.3812083	516456220.0	1.0024908
0.3883098	515446530.0	1.0024877
0.3955436	514443740.0	1.0024846
0.4029122	513448300.0	1.0024815
0.4104181	512460900.0	1.0024782
0.4180637	511481630.0	1.002475
0.4258518	510511200.0	1.0024717
0.433785	509550000.0	1.0024683
0.441866	508598430.0	1.0024649
0.4500975	507656900.0	1.0024614
0.4584824	506726430.0	1.002458
0.4670234	505806500.0	1.0024544
0.4757236	504898620.0	1.0024508
0.4845859	504002750.0	1.0024471
0.4936132	503119420.0	1.0024434
0.5028087	502249200.0	1.0024397
0.5121755	501392640.0	1.0024359
0.5217169	500550140.0	1.002432
0.5314359	499722240.0	1.002428
0.541336	498909540.0	1.0024241
0.5514206	498112540.0	1.0024201
0.561693	497331550.0	1.002416
0.5721568	496567460.0	1.002412
0.5828155	495820480.0	1.0024078
0.5936727	495091260.0	1.0024035
0.6047322	494380300.0	1.0023992
0.6159978	493688300.0	1.0023949
0.6274732	493015100.0	1.0023905
0.6391624	492362300.0	1.0023861
0.6510694	491729340.0	1.0023816
0.6631981	491117400.0	1.0023772
0.6755528	490526940.0	1.0023725
0.6881377	489958050.0	1.002368
0.700957	489411620.0	1.0023632
0.7140151	488888030.0	1.0023586
0.7273165	488387700.0	1.0023538
0.7408657	487911000.0	1.002349
0.7546673	487458850.0	1.0023443
0.768726	487031420.0	1.0023394
0.7830465	486629060.0	1.0023345
0.7976339	486252400.0	1.0023295
0.812493	485901760.0	1.0023246
0.8276289	485577800.0	1.0023196
0.8430468	485281060.0	1.0023146
0.8587519	485011100.0	1.0023094
0.8747496	484769630.0	1.0023044
0.8910453	484556160.0	1.0022993
0.9076446	484370940.0	1.0022942
0.9245531	484215300.0	1.002289
0.9417766	484088540.0	1.0022838
0.9593209	483991970.0	1.0022787
0.9771921	483925440.0	1.0022734
0.9953962	483888740.0	1.0022683
1.0139395	483883650.0	1.0022631
1.0328281	483909020.0	1.0022578
1.0520687	483966080.0	1.0022527
1.0716676	484054500.0	1.0022475
1.0916317	484174900.0	1.0022422
1.1119677	484327580.0	1.002237
1.1326826	484512300.0	1.0022318
1.1537833	484729020.0	1.0022266
1.1752771	484978700.0	1.0022215
1.1971713	485260960.0	1.0022163
1.2194734	485575780.0	1.0022111
1.242191	485922720.0	1.0022061
1.2653318	486302300.0	1.002201
1.2889036	486714140.0	1.002196
1.3129146	487156700.0	1.0021908
1.3373729	487631000.0	1.002186
1.3622868	488136000.0	1.0021809
1.3876648	488670980.0	1.002176
1.4135156	489234430.0	1.0021712
1.439848	489825250.0	1.0021664
1.4666709	490442530.0	1.0021616
1.4939935	491084100.0	1.002157
1.5218251	491747040.0	1.0021523
1.5501751	492430080.0	1.0021478
1.5790533	493128900.0	1.0021434
1.6084695	493841020.0	1.002139
1.6384336	494561060.0	1.0021347
1.668956	495285000.0	1.0021305
1.700047	496007230.0	1.0021265
1.7317171	496719460.0	1.0021225
1.7639773	497414800.0	1.0021187
1.7968384	498084400.0	1.0021151
1.8303117	498716700.0	1.0021117
1.8644085	499300160.0	1.0021085
1.8991406	499822000.0	1.0021056
1.9345197	500264900.0	1.0021029
1.9705578	500610460.0	1.0021006
2.0072673	500836960.0	1.0020987
2.0446607	500923650.0	1.0020971
2.0827506	500838430.0	1.0020963
2.1215502	500555700.0	1.002096
2.1610725	500034180.0	1.0020967
2.2013311	499238050.0	1.0020982
2.2423397	498118430.0	1.002101
2.2841122	496625200.0	1.0021052
2.3266629	494700900.0	1.0021112
2.3700063	492279300.0	1.0021194
2.4141571	489281500.0	1.0021304
2.4591304	485628930.0	1.0021448
2.5049415	481732000.0	1.0021613
2.5516061	481732000.0	1.0021613
2.5991399	481732000.0	1.0021613
2.6475593	481732000.0	1.0021613
2.6968806	481732000.0	1.0021613
2.7471208	481732000.0	1.0021613
2.7982969	481732000.0	1.0021613
2.8504263	481732000.0	1.0021613
2.9035269	481732000.0	1.0021613
2.9576167	481732000.0	1.0021613
3.0127141	481732000.0	1.0021613
3.0688379	481732000.0	1.0021613
3.1260072	481732000.0	1.0021613
3.1842416	481732000.0	1.0021613
3.2435608	481732000.0	1.0021613
3.3039851	481732000.0	1.0021613
3.365535	481732000.0	1.0021613
3.4282315	481732000.0	1.0021613
3.492096	481732000.0	1.0021613
3.5571502	481732000.0	1.0021613
3.6234163	481732000.0	1.0021613
3.6909169	481732000.0	1.0021613
3.759675	481732000.0	1.0021613
3.8297139	481732000.0	1.0021613
3.9010576	481732000.0	1.0021613
3.9737304	481732000.0	1.0021613
4.047757	481732000.0	1.0021613
4.1231626	481732000.0	1.0021613
4.1999729	481732000.0	1.0021613
4.2782142	481732000.0	1.0021613
4.357913	481732000.0	1.0021613
4.4390965	481732000.0	1.0021613
4.5217924	481732000.0	1.0021613
4.6060288	481732000.0	1.0021613
4.6918345	481732000.0	1.0021613
4.7792386	481732000.0	1.0021613
4.868271	481732000.0	1.0021613
4.958962	481732000.0	1.0021613
5.0513425	481732000.0	1.0021613
5.1454439	481732000.0	1.0021613
5.2412983	481732000.0	1.0021613
5.3389384	481732000.0	1.0021613
5.4383974	481732000.0	1.0021613
5.5397093	481732000.0	1.0021613
5.6429085	481732000.0	1.0021613
5.7480302	481732000.0	1.0021613
5.8551102	481732000.0	1.0021613
5.9641849	481732000.0	1.0021613
6.0752917	481732000.0	1.0021613
6.1884682	481732000.0	1.0021613
6.3037532	481732000.0	1.0021613
6.4211857	481732000.0	1.0021613
6.5408059	481732000.0	1.0021613
6.6626545	481732000.0	1.0021613
6.7867731	481732000.0	1.0021613
6.9132038	481732000.0	1.0021613
7.0419898	481732000.0	1.0021613
7.1731749	481732000.0	1.0021613
7.306804	481732000.0	1.0021613
7.4429223	481732000.0	1.0021613
7.5815765	481732000.0	1.0021613
7.7228136	481732000.0	1.0021613
7.8666818	481732000.0	1.0021613
8.0132301	481732000.0	1.0021613
8.1625085	481732000.0	1.0021613
8.3145678	481732000.0	1.0021613
8.4694598	481732000.0	1.0021613
8.6272373	481732000.0	1.0021613
8.787954	481732000.0	1.0021613
8.9516647	481732000.0	1.0021613
9.1184252	481732000.0	1.0021613
9.2882923	481732000.0	1.0021613
9.4613238	481732000.0	1.0021613
9.6375787	481732000.0	1.0021613
9.817117	481732000.0	1.0021613
10.0	481732000.0	1.0021613
