# T9	Mean Rate	One Sigma
0.0068182	6.607424e-12	18380.684
0.0069452	5.2748594e-11	2780.886
0.0070746	1.2344702e-10	1432.4791
0.0072064	2.2830747e-10	931.98883
0.0073406	3.8016482e-10	672.2473
0.0074773	5.9607314e-10	514.02673
0.0076166	8.9856644e-10	408.08115
0.0077585	1.3172599e-09	332.5702
0.0079031	1.8908999e-09	276.3067
0.0080503	2.6699687e-09	232.98256
0.0082003	3.719945e-09	198.76398
0.008353	5.125516e-09	171.18535
0.0085086	6.9957298e-09	148.59238
0.0086671	9.470545e-09	129.83282
0.0088286	1.2729113e-08	114.079445
0.0089931	1.6999861e-08	100.7233
0.0091606	2.2573502e-08	89.30614
0.0093313	2.981846e-08	79.47765
0.0095051	3.920114e-08	70.963356
0.0096822	5.1309858e-08	63.54793
0.0098625	6.6884375e-08	57.058167
0.0100463	8.685482e-08	51.353943
0.0102334	1.1238495e-07	46.321205
0.010424	1.4492909e-07	41.86532
0.0106182	1.863016e-07	37.908108
0.010816	2.3875802e-07	34.383953
0.0110175	3.0509838e-07	31.237242
0.0112228	3.8879543e-07	28.421246
0.0114318	4.941381e-07	25.895454
0.0116448	6.264234e-07	23.625843
0.0118617	7.9217e-07	21.582684
0.0120827	9.993962e-07	19.7403
0.0123078	1.2579337e-06	18.07641
0.0125371	1.579826e-06	16.57177
0.0127706	1.9798097e-06	15.209116
0.0130085	2.4758442e-06	13.97378
0.0132509	3.0898175e-06	12.852506
0.0134977	3.848379e-06	11.833741
0.0137492	4.7838334e-06	10.907161
0.0140053	5.935378e-06	10.063707
0.0142662	7.350397e-06	9.295315
0.014532	9.086235e-06	8.594725
0.0148027	1.1211975e-05	7.95546
0.0150785	1.3810832e-05	7.371803
0.0153593	1.6982933e-05	6.838564
0.0156455	2.0848462e-05	6.3511386
0.0159369	2.5551499e-05	5.905315
0.0162338	3.126459e-05	5.497333
0.0165362	3.8193775e-05	5.123878
0.0168443	4.6585374e-05	4.7817855
0.0171581	5.6732675e-05	4.4683976
0.0174777	6.8984686e-05	4.1811295
0.0178033	8.3756735e-05	3.9177566
0.018135	0.00010154107	3.6762462
0.0184728	0.00012292161	3.4546843
0.0188169	0.0001485896	3.2513788
0.0191675	0.0001793616	3.0648062
0.0195246	0.0002162022	2.8935595
0.0198883	0.0002602484	2.7363605
0.0202588	0.00031283888	2.592021
0.0206362	0.00037554695	2.459514
0.0210206	0.00045022208	2.3378477
0.0214122	0.00053903117	2.2261395
0.0218111	0.00064451667	2.1235688
0.0222174	0.00076964643	2.029385
0.0226313	0.0009178939	1.942935
0.0230529	0.0010933151	1.8635937
0.0234823	0.001300627	1.7907885
0.0239198	0.0015453317	1.723973
0.0243654	0.0018338317	1.6626945
0.0248193	0.0021735434	1.6065152
0.0252817	0.002573092	1.5550325
0.0257526	0.0030424614	1.5078784
0.0262324	0.0035932227	1.4647009
0.0267211	0.004238721	1.4252068
0.0272188	0.004994393	1.3891157
0.0277259	0.0058780466	1.3561502
0.0282424	0.006910194	1.3260765
0.0287685	0.008114444	1.2986891
0.0293045	0.009517938	1.2737811
0.0298504	0.011151875	1.2511592
0.0304065	0.013051999	1.2306751
0.0309729	0.015259258	1.212156
0.0315499	0.017820656	1.1954591
0.0321376	0.02078977	1.1804626
0.0327363	0.024227941	1.1670355
0.0333462	0.028205104	1.1550579
0.0339674	0.03280091	1.1444266
0.0346002	0.03810637	1.1350385
0.0352447	0.044224605	1.1267965
0.0359013	0.05127302	1.1195927
0.0365701	0.059385113	1.1133413
0.0372514	0.0687119	1.1079502
0.0379453	0.07942474	1.1033392
0.0386522	0.09171773	1.0994102
0.0393723	0.10581013	1.0960879
0.0401057	0.12194981	1.0932988
0.0408529	0.14041634	1.0909662
0.0416139	0.16152547	1.0890304
0.0423891	0.185632	1.0874296
0.0431788	0.21313636	1.0861133
0.0439832	0.24448842	1.0850315
0.0448025	0.28019327	1.0841498
0.0456372	0.32081828	1.0834318
0.0464873	0.36699954	1.0828493
0.0473533	0.41944873	1.082376
0.0482355	0.47896513	1.0819927
0.0491341	0.5464383	1.081684
0.0500494	0.6228665	1.0814346
0.0509818	0.7093625	1.0812334
0.0519315	0.8071686	1.0810715
0.0528989	0.9176656	1.080941
0.0538844	1.0423921	1.0808377
0.0548882	1.183066	1.0807538
0.0559107	1.3415891	1.0806879
0.0569523	1.5200744	1.0806353
0.0580132	1.72087	1.0805949
0.059094	1.9465766	1.080564
0.0601948	2.200081	1.0805409
0.0613162	2.4845748	1.080524
0.0624584	2.80358	1.080513
0.063622	3.160992	1.080507
0.0648072	3.5611243	1.0805047
0.0660145	4.008734	1.080506
0.0672443	4.5090485	1.0805105
0.068497	5.0678334	1.0805173
0.069773	5.6914415	1.0805266
0.0710728	6.386852	1.0805374
0.0723968	7.1617475	1.0805497
0.0737455	8.024537	1.0805634
0.0751193	8.984473	1.0805786
0.0765187	10.051701	1.0805942
0.0779442	11.237307	1.08061
0.0793962	12.553438	1.0806267
0.0808752	14.013431	1.0806432
0.0823819	15.631784	1.0806599
0.0839166	17.42438	1.0806762
0.0854798	19.408518	1.0806925
0.0870722	21.603127	1.0807085
0.0886943	24.028803	1.0807235
0.0903466	26.707907	1.080738
0.0920297	29.664885	1.0807519
0.0937441	32.926323	1.0807647
0.0954904	36.52093	1.080777
0.0972693	40.480145	1.0807879
0.0990814	44.837868	1.0807977
0.1009272	49.63093	1.0808067
0.1028073	54.899345	1.0808145
0.1047225	60.686237	1.080821
0.1066734	67.03837	1.0808266
0.1086606	74.00631	1.0808312
0.1106848	81.64501	1.080834
0.1127468	90.01302	1.0808363
0.1148472	99.17428	1.0808371
0.1169866	109.1974	1.0808368
0.119166	120.15645	1.0808357
0.1213859	132.13106	1.0808334
0.1236472	145.20702	1.08083
0.1259506	159.47673	1.0808258
0.128297	175.03914	1.0808201
0.130687	192.00066	1.0808144
0.1331216	210.47546	1.0808071
0.1356015	230.58664	1.0807992
0.1381276	252.46513	1.0807903
0.1407008	276.25217	1.0807812
0.1433219	302.09824	1.0807712
0.1459919	330.16412	1.0807606
0.1487115	360.62292	1.0807495
0.1514819	393.65845	1.0807377
0.1543038	429.46735	1.0807257
0.1571784	468.25983	1.080713
0.1601064	510.26004	1.0806999
0.1630891	555.7061	1.0806868
0.1661273	604.8515	1.0806735
0.169222	657.96857	1.0806597
0.1723745	715.34436	1.0806462
0.1755856	777.28455	1.0806317
0.1788566	844.1142	1.0806179
0.1821885	916.1807	1.0806035
0.1855825	993.84814	1.0805892
0.1890397	1077.5067	1.0805749
0.1925614	1167.5695	1.0805607
0.1961486	1264.4707	1.0805466
0.1998026	1368.6759	1.0805326
0.2035248	1480.6722	1.0805187
0.2073162	1600.98	1.0805047
0.2111783	1730.1444	1.0804917
0.2151123	1868.7438	1.0804781
0.2191197	2017.3885	1.080465
0.2232016	2176.7283	1.080452
0.2273597	2347.4353	1.0804397
0.2315951	2530.2327	1.0804273
0.2359095	2725.874	1.0804154
0.2403043	2935.1543	1.080404
0.2447809	3158.9126	1.0803928
0.2493409	3398.032	1.0803818
0.2539859	3653.439	1.0803711
0.2587174	3926.108	1.0803609
0.2635371	4217.0635	1.0803512
0.2684465	4527.385	1.0803418
0.2734474	4858.204	1.080333
0.2785414	5210.708	1.0803245
0.2837304	5586.14	1.0803163
0.289016	5985.8022	1.0803087
0.2944	6411.0776	1.0803014
0.2998844	6863.386	1.0802945
0.305471	7344.2446	1.0802882
0.3111616	7855.229	1.0802821
0.3169582	8397.979	1.0802766
0.3228628	8974.2295	1.0802716
0.3288774	9585.783	1.080267
0.3350041	10234.554	1.0802627
0.3412449	10922.493	1.0802585
0.3476019	11651.673	1.0802553
0.3540774	12424.266	1.080252
0.3606735	13242.529	1.0802494
0.3673925	14108.828	1.0802473
0.3742366	15025.617	1.0802451
0.3812083	15995.48	1.0802437
0.3883098	17021.104	1.0802425
0.3955436	18105.287	1.0802417
0.4029122	19250.963	1.0802411
0.4104181	20461.166	1.0802408
0.4180637	21739.082	1.080241
0.4258518	23088.037	1.0802413
0.433785	24511.438	1.080242
0.441866	26012.926	1.0802428
0.4500975	27596.172	1.080244
0.4584824	29265.062	1.0802453
0.4670234	31023.664	1.0802467
0.4757236	32876.082	1.0802484
0.4845859	34826.68	1.08025
0.4936132	36880.016	1.080252
0.5028087	39040.59	1.0802541
0.5121755	41313.27	1.0802561
0.5217169	43702.992	1.0802583
0.5314359	46214.934	1.0802604
0.541336	48854.234	1.0802627
0.5514206	51626.355	1.0802649
0.561693	54536.89	1.0802672
0.5721568	57591.504	1.0802696
0.5828155	60796.094	1.0802718
0.5936727	64156.49	1.080274
0.6047322	67678.88	1.0802763
0.6159978	71369.63	1.0802783
0.6274732	75234.75	1.0802805
0.6391624	79280.94	1.0802827
0.6510694	83514.47	1.080285
0.6631981	87942.15	1.080287
0.6755528	92570.586	1.0802892
0.6881377	97406.39	1.0802919
0.700957	102456.65	1.080294
0.7140151	107727.92	1.0802965
0.7273165	113227.29	1.0802989
0.7408657	118961.586	1.0803014
0.7546673	124937.93	1.0803043
0.768726	131163.33	1.0803071
0.7830465	137644.94	1.08031
0.7976339	144389.7	1.0803132
0.812493	151404.8	1.0803162
0.8276289	158697.89	1.0803195
0.8430468	166275.84	1.0803225
0.8587519	174146.6	1.0803258
0.8747496	182317.39	1.080329
0.8910453	190796.17	1.080332
0.9076446	199590.53	1.080335
0.9245531	208708.58	1.0803378
0.9417766	218158.3	1.0803403
0.9593209	227948.56	1.0803425
0.9771921	238087.56	1.0803446
0.9953962	248584.08	1.0803461
1.0139395	259447.2	1.0803473
1.0328281	270685.8	1.0803478
1.0520687	282309.44	1.0803483
1.0716676	294327.47	1.0803481
1.0916317	306749.38	1.0803481
1.1119677	319585.06	1.0803474
1.1326826	332844.5	1.0803468
1.1537833	346537.22	1.0803461
1.1752771	360674.44	1.0803455
1.1971713	375265.88	1.0803453
1.2194734	390321.78	1.0803454
1.242191	405854.0	1.0803462
1.2653318	421873.9	1.0803478
1.2889036	438391.78	1.08035
1.3129146	455422.56	1.0803537
1.3373729	472978.25	1.0803584
1.3622868	491073.47	1.0803642
1.3876648	509725.62	1.0803719
1.4135156	528950.8	1.080381
1.439848	548769.0	1.0803916
1.4666709	569202.6	1.0804033
1.4939935	590273.6	1.0804169
1.5218251	612008.6	1.080432
1.5501751	634435.56	1.080449
1.5790533	657587.94	1.0804675
1.6084695	681496.56	1.0804875
1.6384336	706195.3	1.0805101
1.668956	731724.6	1.080534
1.700047	758121.94	1.0805615
1.7317171	785428.94	1.0805914
1.7639773	813690.9	1.0806252
1.7968384	842951.8	1.0806639
1.8303117	873256.75	1.0807079
1.8644085	904661.06	1.0807587
1.8991406	937216.1	1.0808163
1.9345197	970984.06	1.0808842
1.9705578	1006028.8	1.0809616
2.0072673	1042424.3	1.0810502
2.0446607	1080257.0	1.0811515
2.0827506	1119613.2	1.0812665
2.1215502	1160601.2	1.0813948
2.1610725	1203341.8	1.0815389
2.2013311	1247955.5	1.081699
2.2423397	1294583.2	1.0818738
2.2841122	1343377.0	1.0820683
2.3266629	1394487.2	1.082282
2.3700063	1448077.2	1.0825175
2.4141571	1504304.6	1.0827764
2.4591304	1563334.4	1.0830659
2.5049415	1618546.8	1.0833523
2.5516061	1618546.8	1.0833523
2.5991399	1618546.8	1.0833523
2.6475593	1618546.8	1.0833523
2.6968806	1618546.8	1.0833523
2.7471208	1618546.8	1.0833523
2.7982969	1618546.8	1.0833523
2.8504263	1618546.8	1.0833523
2.9035269	1618546.8	1.0833523
2.9576167	1618546.8	1.0833523
3.0127141	1618546.8	1.0833523
3.0688379	1618546.8	1.0833523
3.1260072	1618546.8	1.0833523
3.1842416	1618546.8	1.0833523
3.2435608	1618546.8	1.0833523
3.3039851	1618546.8	1.0833523
3.365535	1618546.8	1.0833523
3.4282315	1618546.8	1.0833523
3.492096	1618546.8	1.0833523
3.5571502	1618546.8	1.0833523
3.6234163	1618546.8	1.0833523
3.6909169	1618546.8	1.0833523
3.759675	1618546.8	1.0833523
3.8297139	1618546.8	1.0833523
3.9010576	1618546.8	1.0833523
3.9737304	1618546.8	1.0833523
4.047757	1618546.8	1.0833523
4.1231626	1618546.8	1.0833523
4.1999729	1618546.8	1.0833523
4.2782142	1618546.8	1.0833523
4.357913	1618546.8	1.0833523
4.4390965	1618546.8	1.0833523
4.5217924	1618546.8	1.0833523
4.6060288	1618546.8	1.0833523
4.6918345	1618546.8	1.0833523
4.7792386	1618546.8	1.0833523
4.868271	1618546.8	1.0833523
4.958962	1618546.8	1.0833523
5.0513425	1618546.8	1.0833523
5.1454439	1618546.8	1.0833523
5.2412983	1618546.8	1.0833523
5.3389384	1618546.8	1.0833523
5.4383974	1618546.8	1.0833523
5.5397093	1618546.8	1.0833523
5.6429085	1618546.8	1.0833523
5.7480302	1618546.8	1.0833523
5.8551102	1618546.8	1.0833523
5.9641849	1618546.8	1.0833523
6.0752917	1618546.8	1.0833523
6.1884682	1618546.8	1.0833523
6.3037532	1618546.8	1.0833523
6.4211857	1618546.8	1.0833523
6.5408059	1618546.8	1.0833523
6.6626545	1618546.8	1.0833523
6.7867731	1618546.8	1.0833523
6.9132038	1618546.8	1.0833523
7.0419898	1618546.8	1.0833523
7.1731749	1618546.8	1.0833523
7.306804	1618546.8	1.0833523
7.4429223	1618546.8	1.0833523
7.5815765	1618546.8	1.0833523
7.7228136	1618546.8	1.0833523
7.8666818	1618546.8	1.0833523
8.0132301	1618546.8	1.0833523
8.1625085	1618546.8	1.0833523
8.3145678	1618546.8	1.0833523
8.4694598	1618546.8	1.0833523
8.6272373	1618546.8	1.0833523
8.787954	1618546.8	1.0833523
8.9516647	1618546.8	1.0833523
9.1184252	1618546.8	1.0833523
9.2882923	1618546.8	1.0833523
9.4613238	1618546.8	1.0833523
9.6375787	1618546.8	1.0833523
9.817117	1618546.8	1.0833523
10.0	1618546.8	1.0833523
