# T9	Mean Rate	One Sigma
0.001	2.8241007	1.1441256
0.0010186	2.7951324	1.1441455
0.0010376	2.7664063	1.144166
0.0010569	2.7379167	1.1441867
0.0010766	2.709665	1.1442083
0.0010967	2.6816468	1.1442301
0.0011171	2.6538599	1.1442524
0.0011379	2.6263013	1.1442746
0.0011591	2.5989695	1.1442975
0.0011807	2.5718634	1.144321
0.0012027	2.5449789	1.1443447
0.0012251	2.5183163	1.1443694
0.0012479	2.49187	1.1443937
0.0012712	2.4656394	1.144419
0.0012949	2.4396229	1.1444446
0.001319	2.4138188	1.1444709
0.0013436	2.388224	1.1444976
0.0013686	2.3628361	1.1445247
0.0013941	2.3376539	1.1445526
0.0014201	2.3126752	1.1445807
0.0014465	2.2878973	1.1446092
0.0014735	2.2633202	1.144639
0.0015009	2.2389388	1.1446686
0.0015289	2.2147534	1.144699
0.0015573	2.1907625	1.1447304
0.0015864	2.1669626	1.1447618
0.0016159	2.1433523	1.1447942
0.001646	2.1199298	1.144827
0.0016767	2.0966938	1.1448606
0.0017079	2.0736415	1.1448951
0.0017397	2.0507715	1.1449295
0.0017721	2.0280821	1.144965
0.0018051	2.0055718	1.1450012
0.0018388	1.9832385	1.1450381
0.001873	1.9610804	1.1450756
0.0019079	1.9390956	1.145114
0.0019435	1.9172826	1.1451529
0.0019797	1.8956405	1.1451927
0.0020166	1.8741663	1.1452334
0.0020541	1.8528593	1.1452743
0.0020924	1.8317177	1.1453165
0.0021314	1.8107395	1.1453596
0.0021711	1.7899235	1.1454034
0.0022115	1.7692684	1.145448
0.0022527	1.748772	1.1454936
0.0022947	1.7284331	1.1455399
0.0023374	1.7082499	1.1455871
0.002381	1.6882216	1.1456352
0.0024253	1.6683458	1.1456844
0.0024705	1.6486223	1.1457345
0.0025165	1.6290485	1.1457856
0.0025634	1.6096228	1.1458373
0.0026112	1.5903453	1.1458907
0.0026598	1.5712132	1.1459446
0.0027094	1.5522265	1.1460001
0.0027598	1.5333818	1.146056
0.0028112	1.51468	1.1461135
0.0028636	1.4961184	1.146172
0.002917	1.4776963	1.1462313
0.0029713	1.4594129	1.1462926
0.0030266	1.4412651	1.1463541
0.003083	1.4232539	1.1464176
0.0031405	1.4053767	1.1464821
0.003199	1.3876325	1.1465477
0.0032586	1.3700212	1.1466147
0.0033193	1.3525403	1.146683
0.0033811	1.335189	1.1467526
0.0034441	1.317967	1.1468236
0.0035082	1.300872	1.1468959
0.0035736	1.283904	1.1469698
0.0036402	1.2670614	1.1470454
0.003708	1.2503433	1.1471221
0.0037771	1.2337487	1.1472005
0.0038474	1.2172766	1.1472803
0.0039191	1.2009256	1.1473616
0.0039921	1.1846958	1.1474447
0.0040665	1.1685857	1.1475298
0.0041422	1.1525942	1.147616
0.0042194	1.1367205	1.1477042
0.004298	1.1209639	1.1477944
0.0043781	1.1053236	1.147886
0.0044596	1.0897986	1.1479797
0.0045427	1.0743885	1.1480752
0.0046273	1.0590918	1.1481726
0.0047135	1.043908	1.1482717
0.0048013	1.0288368	1.1483732
0.0048908	1.0138772	1.1484767
0.0049819	0.99902874	1.1485823
0.0050747	0.9842899	1.1486897
0.0051692	0.9696614	1.1487997
0.0052655	0.9551416	1.1489117
0.0053636	0.94073015	1.1490262
0.0054636	0.9264265	1.1491427
0.0055653	0.91223	1.1492615
0.005669	0.8981407	1.1493834
0.0057746	0.88415694	1.149507
0.0058822	0.87027955	1.1496339
0.0059918	0.85650706	1.1497627
0.0061034	0.84283936	1.1498945
0.0062171	0.82927644	1.150029
0.0063329	0.815817	1.1501658
0.0064509	0.80246174	1.1503062
0.0065711	0.78920925	1.1504488
0.0066935	0.77606034	1.150595
0.0068182	0.76301354	1.1507435
0.0069452	0.7500695	1.1508956
0.0070746	0.7372277	1.1510507
0.0072064	0.7244875	1.1512089
0.0073406	0.71184945	1.1513709
0.0074773	0.69931275	1.1515357
0.0076166	0.68687713	1.151704
0.0077585	0.67454314	1.1518759
0.0079031	0.66231036	1.1520516
0.0080503	0.65017873	1.152231
0.0082003	0.6381479	1.1524137
0.008353	0.62621826	1.152601
0.0085086	0.6143893	1.1527916
0.0086671	0.6026617	1.1529864
0.0088286	0.59103507	1.1531856
0.0089931	0.57950974	1.153389
0.0091606	0.56808543	1.1535966
0.0093313	0.5567626	1.1538086
0.0095051	0.54554087	1.1540248
0.0096822	0.534421	1.1542459
0.0098625	0.5234029	1.154472
0.0100463	0.51248705	1.1547027
0.0102334	0.50167304	1.1549381
0.010424	0.49096188	1.155179
0.0106182	0.4803534	1.1554247
0.010816	0.46984792	1.1556761
0.0110175	0.4594459	1.1559327
0.0112228	0.44914776	1.1561952
0.0114318	0.43895364	1.1564629
0.0116448	0.42886394	1.1567369
0.0118617	0.41887915	1.1570166
0.0120827	0.4089997	1.1573023
0.0123078	0.39922613	1.1575949
0.0125371	0.38955858	1.1578932
0.0127706	0.37999794	1.1581984
0.0130085	0.37054437	1.1585102
0.0132509	0.36119854	1.1588287
0.0134977	0.3519611	1.1591547
0.0137492	0.3428323	1.1594877
0.0140053	0.33381292	1.159828
0.0142662	0.32490343	1.160176
0.014532	0.3161045	1.1605319
0.0148027	0.30741668	1.1608955
0.0150785	0.29884052	1.161267
0.0153593	0.29037675	1.1616473
0.0156455	0.28202587	1.162036
0.0159369	0.27378863	1.1624333
0.0162338	0.26566556	1.1628394
0.0165362	0.25765747	1.163255
0.0168443	0.24976483	1.1636798
0.0171581	0.2419884	1.1641146
0.0174777	0.23432863	1.1645585
0.0178033	0.22678646	1.1650133
0.018135	0.21936241	1.1654782
0.0184728	0.21205695	1.1659534
0.0188169	0.20487091	1.1664397
0.0191675	0.19780491	1.166937
0.0195246	0.19085957	1.1674457
0.0198883	0.18403532	1.1679659
0.0202588	0.17733292	1.168498
0.0206362	0.1707529	1.1690425
0.0210206	0.16429582	1.1695993
0.0214122	0.1579622	1.1701691
0.0218111	0.1517526	1.1707517
0.0222174	0.14566748	1.1713482
0.0226313	0.13970728	1.1719576
0.0230529	0.13387251	1.1725811
0.0234823	0.12816358	1.1732191
0.0239198	0.12258078	1.1738713
0.0243654	0.11712455	1.1745383
0.0248193	0.11179517	1.1752201
0.0252817	0.10659297	1.1759176
0.0257526	0.101518065	1.1766303
0.0262324	0.09657073	1.1773583
0.0267211	0.0917511	1.1781018
0.0272188	0.08705929	1.1788616
0.0277259	0.082495354	1.1796364
0.0282424	0.078059256	1.1804265
0.0287685	0.073750995	1.1812322
0.0293045	0.069570534	1.1820527
0.0298504	0.06551761	1.1828864
0.0304065	0.061592102	1.1837336
0.0309729	0.057793763	1.1845918
0.0315499	0.054122273	1.1854602
0.0321376	0.05057721	1.1863347
0.0327363	0.047158256	1.1872134
0.0333462	0.043864828	1.1880908
0.0339674	0.04069653	1.1889619
0.0346002	0.03765266	1.1898178
0.0352447	0.0347327	1.1906493
0.0359013	0.031935904	1.191444
0.0365701	0.02926157	1.1921809
0.0372514	0.026708925	1.19284
0.0379453	0.024277167	1.1933885
0.0386522	0.021965455	1.1937827
0.0393723	0.01977294	1.1939675
0.0401057	0.017698694	1.193862
0.0408529	0.015741857	1.1933583
0.0416139	0.013901506	1.1923051
0.0423891	0.012176679	1.1904833
0.0431788	0.010566583	1.187583
0.0439832	0.009070279	1.1831534
0.0448025	0.00768687	1.1765056
0.0456372	0.006415668	1.1666446
0.0464873	0.005255899	1.1520629
0.0473533	0.004206987	1.1308445
0.0482355	0.0032682722	1.1027383
0.0491341	0.0024394086	1.0889044
0.0500494	0.0017201876	1.1715828
0.0509818	0.0011103903	1.4189155
0.0519315	0.00061014865	2.0624022
0.0528989	0.00021977788	4.769006
0.0538844	-6.0115093e-05	17.666203
0.0548882	-0.00022867466	6.1090026
0.0559107	-0.0002846935	5.6643343
0.0569523	-0.00022666526	7.5365815
0.0580132	-5.2656695e-05	31.964533
0.059094	0.00023992489	8.401681
0.0601948	0.00065380795	3.9355586
0.0613162	0.0011925808	2.7294447
0.0624584	0.0018603195	2.1865544
0.063622	0.0026618345	1.8851216
0.0648072	0.0036026067	1.6968958
0.0660145	0.004689095	1.5701811
0.0672443	0.00592832	1.4803326
0.068497	0.0073284986	1.4141734
0.069773	0.008898972	1.3640435
0.0710728	0.01065013	1.3252118
0.0723968	0.012593268	1.2946333
0.0737455	0.01474179	1.2702149
0.0751193	0.017109772	1.2505076
0.0765187	0.019713186	1.2344768
0.0779442	0.022569751	1.2213385
0.0793962	0.025698902	1.2105182
0.0808752	0.029121833	1.201576
0.0823819	0.032862183	1.1941655
0.0839166	0.036945563	1.1880127
0.0854798	0.041400004	1.182901
0.0870722	0.046256248	1.1786585
0.0886943	0.051547807	1.1751391
0.0903466	0.05731067	1.1722287
0.0920297	0.06358451	1.1698337
0.0937441	0.07041199	1.1678736
0.0954904	0.077839404	1.1662788
0.0972693	0.08591689	1.1649946
0.0990814	0.09469821	1.163973
0.1009272	0.10424206	1.1631755
0.1028073	0.11461078	1.1625645
0.1047225	0.12587248	1.1621118
0.1066734	0.13809922	1.1617918
0.1086606	0.15136921	1.1615813
0.1106848	0.16576648	1.1614618
0.1127468	0.18138002	1.1614186
0.1148472	0.19830602	1.1614345
0.1169866	0.21664684	1.1614997
0.119166	0.2365124	1.1616037
0.1213859	0.25801927	1.1617358
0.1236472	0.28129217	1.1618907
0.1259506	0.3064647	1.1620598
0.128297	0.33367714	1.162239
0.130687	0.3630811	1.1624225
0.1331216	0.39483547	1.1626084
0.1356015	0.42911103	1.1627918
0.1381276	0.46608722	1.1629719
0.1407008	0.50595564	1.1631452
0.1433219	0.54891837	1.1633117
0.1459919	0.5951902	1.163469
0.1487115	0.6449974	1.1636176
0.1514819	0.6985797	1.1637558
0.1543038	0.75618994	1.163884
0.1571784	0.81809634	1.1640021
0.1601064	0.88458014	1.1641103
0.1630891	0.9559393	1.1642082
0.1661273	1.0324856	1.1642978
0.169222	1.1145499	1.1643779
0.1723745	1.2024771	1.1644502
0.1755856	1.2966334	1.1645144
0.1788566	1.3974015	1.1645721
0.1821885	1.5051826	1.1646231
0.1855825	1.620398	1.1646687
0.1890397	1.7434905	1.1647091
0.1925614	1.8749242	1.1647452
0.1961486	2.0151815	1.1647774
0.1998026	2.164774	1.1648072
0.2035248	2.324229	1.1648341
0.2073162	2.4941041	1.164859
0.2111783	2.6749744	1.1648835
0.2151123	2.867449	1.1649066
0.2191197	3.072157	1.1649296
0.2232016	3.2897553	1.1649529
0.2273597	3.5209315	1.1649766
0.2315951	3.766396	1.1650014
0.2359095	4.0268927	1.1650286
0.2403043	4.3031964	1.165056
0.2447809	4.5961027	1.1650867
0.2493409	4.906451	1.1651188
0.2539859	5.235101	1.165154
0.2587174	5.5829563	1.1651919
0.2635371	5.9509387	1.1652328
0.2684465	6.340017	1.1652769
0.2734474	6.751183	1.1653242
0.2785414	7.185478	1.1653748
0.2837304	7.643964	1.1654286
0.289016	8.127747	1.1654861
0.2944	8.637961	1.1655474
0.2998844	9.175788	1.1656122
0.305471	9.742441	1.1656805
0.3111616	10.339166	1.1657518
0.3169582	10.967257	1.1658273
0.3228628	11.628044	1.1659057
0.3288774	12.322884	1.1659877
0.3350041	13.053193	1.1660731
0.3412449	13.820411	1.1661615
0.3476019	14.626016	1.1662531
0.3540774	15.471541	1.1663476
0.3606735	16.35854	1.1664454
0.3673925	17.288622	1.1665456
0.3742366	18.263426	1.1666484
0.3812083	19.284632	1.1667538
0.3883098	20.353971	1.1668614
0.3955436	21.4732	1.1669711
0.4029122	22.644114	1.1670824
0.4104181	23.868553	1.1671962
0.4180637	25.148409	1.167311
0.4258518	26.485579	1.1674275
0.433785	27.88204	1.1675447
0.441866	29.339752	1.1676645
0.4500975	30.860779	1.1677841
0.4584824	32.44718	1.1679044
0.4670234	34.101055	1.1680253
0.4757236	35.82454	1.1681468
0.4845859	37.6198	1.1682684
0.4936132	39.48906	1.1683898
0.5028087	41.434555	1.1685114
0.5121755	43.458538	1.1686325
0.5217169	45.563362	1.1687529
0.5314359	47.75133	1.1688727
0.541336	50.024815	1.1689916
0.5514206	52.38621	1.1691092
0.561693	54.837967	1.1692257
0.5721568	57.382473	1.1693412
0.5828155	60.02231	1.1694542
0.5936727	62.759884	1.169566
0.6047322	65.59773	1.1696761
0.6159978	68.53845	1.1697842
0.6274732	71.5846	1.1698899
0.6391624	74.73876	1.1699933
0.6510694	78.00354	1.1700943
0.6631981	81.38157	1.1701928
0.6755528	84.875534	1.170288
0.6881377	88.488075	1.1703808
0.700957	92.22185	1.1704707
0.7140151	96.079575	1.170557
0.7273165	100.06398	1.1706405
0.7408657	104.17775	1.1707207
0.7546673	108.423676	1.170797
0.768726	112.80439	1.1708701
0.7830465	117.32273	1.1709396
0.7976339	121.98147	1.1710049
0.812493	126.78338	1.1710666
0.8276289	131.7312	1.1711243
0.8430468	136.82773	1.1711776
0.8587519	142.07571	1.171227
0.8747496	147.47809	1.1712719
0.8910453	153.03748	1.1713128
0.9076446	158.75693	1.1713486
0.9245531	164.63895	1.1713802
0.9417766	170.6866	1.1714067
0.9593209	176.90265	1.1714284
0.9771921	183.28989	1.1714451
0.9953962	189.85124	1.1714568
1.0139395	196.58943	1.1714633
1.0328281	203.50731	1.1714648
1.0520687	210.60797	1.1714599
1.0716676	217.89395	1.1714501
1.0916317	225.3683	1.1714338
1.1119677	233.03392	1.1714121
1.1326826	240.89377	1.1713842
1.1537833	248.95065	1.1713495
1.1752771	257.2074	1.1713088
1.1971713	265.66724	1.1712608
1.2194734	274.33286	1.1712062
1.242191	283.20743	1.1711442
1.2653318	292.29395	1.1710751
1.2889036	301.59546	1.1709981
1.3129146	311.11487	1.1709131
1.3373729	320.8555	1.1708198
1.3622868	330.8203	1.1707175
1.3876648	341.0125	1.1706074
1.4135156	351.43533	1.1704879
1.439848	362.09204	1.170359
1.4666709	372.98602	1.1702201
1.4939935	384.12045	1.1700711
1.5218251	395.4989	1.1699116
1.5501751	407.1247	1.1697416
1.5790533	419.00137	1.1695603
1.6084695	431.13275	1.1693676
1.6384336	443.52222	1.1691629
1.668956	456.17377	1.1689459
1.700047	469.09088	1.1687163
1.7317171	482.27783	1.1684744
1.7639773	495.73837	1.1682191
1.7968384	509.47656	1.1679503
1.8303117	523.4967	1.1676677
1.8644085	537.80316	1.1673708
1.8991406	552.39996	1.1670604
1.9345197	567.2918	1.1667352
1.9705578	582.4832	1.1663955
2.0072673	597.979	1.1660404
2.0446607	613.7836	1.1656715
2.0827506	629.9023	1.1652882
2.1215502	646.3397	1.16489
2.1610725	663.1016	1.1644772
2.2013311	680.1925	1.1640512
2.2423397	697.6182	1.163611
2.2841122	715.3844	1.1631572
2.3266629	733.496	1.1626912
2.3700063	751.9589	1.1622134
2.4141571	770.7791	1.1617241
2.4591304	789.96277	1.1612246
2.5049415	807.406	1.1607709
2.5516061	807.406	1.1607709
2.5991399	807.406	1.1607709
2.6475593	807.406	1.1607709
2.6968806	807.406	1.1607709
2.7471208	807.406	1.1607709
2.7982969	807.406	1.1607709
2.8504263	807.406	1.1607709
2.9035269	807.406	1.1607709
2.9576167	807.406	1.1607709
3.0127141	807.406	1.1607709
3.0688379	807.406	1.1607709
3.1260072	807.406	1.1607709
3.1842416	807.406	1.1607709
3.2435608	807.406	1.1607709
3.3039851	807.406	1.1607709
3.365535	807.406	1.1607709
3.4282315	807.406	1.1607709
3.492096	807.406	1.1607709
3.5571502	807.406	1.1607709
3.6234163	807.406	1.1607709
3.6909169	807.406	1.1607709
3.759675	807.406	1.1607709
3.8297139	807.406	1.1607709
3.9010576	807.406	1.1607709
3.9737304	807.406	1.1607709
4.047757	807.406	1.1607709
4.1231626	807.406	1.1607709
4.1999729	807.406	1.1607709
4.2782142	807.406	1.1607709
4.357913	807.406	1.1607709
4.4390965	807.406	1.1607709
4.5217924	807.406	1.1607709
4.6060288	807.406	1.1607709
4.6918345	807.406	1.1607709
4.7792386	807.406	1.1607709
4.868271	807.406	1.1607709
4.958962	807.406	1.1607709
5.0513425	807.406	1.1607709
5.1454439	807.406	1.1607709
5.2412983	807.406	1.1607709
5.3389384	807.406	1.1607709
5.4383974	807.406	1.1607709
5.5397093	807.406	1.1607709
5.6429085	807.406	1.1607709
5.7480302	807.406	1.1607709
5.8551102	807.406	1.1607709
5.9641849	807.406	1.1607709
6.0752917	807.406	1.1607709
6.1884682	807.406	1.1607709
6.3037532	807.406	1.1607709
6.4211857	807.406	1.1607709
6.5408059	807.406	1.1607709
6.6626545	807.406	1.1607709
6.7867731	807.406	1.1607709
6.9132038	807.406	1.1607709
7.0419898	807.406	1.1607709
7.1731749	807.406	1.1607709
7.306804	807.406	1.1607709
7.4429223	807.406	1.1607709
7.5815765	807.406	1.1607709
7.7228136	807.406	1.1607709
7.8666818	807.406	1.1607709
8.0132301	807.406	1.1607709
8.1625085	807.406	1.1607709
8.3145678	807.406	1.1607709
8.4694598	807.406	1.1607709
8.6272373	807.406	1.1607709
8.787954	807.406	1.1607709
8.9516647	807.406	1.1607709
9.1184252	807.406	1.1607709
9.2882923	807.406	1.1607709
9.4613238	807.406	1.1607709
9.6375787	807.406	1.1607709
9.817117	807.406	1.1607709
10.0	807.406	1.1607709
