# T9	Mean Rate	One Sigma
0.0386522	144992.75	1.70925
0.0393723	390674.5	1.2464767
0.0401057	646776.8	1.1390336
0.0408529	913607.1	1.0917143
0.0416139	1191495.4	1.0654365
0.0423891	1480792.1	1.0489898
0.0431788	1781871.0	1.0379549
0.0439832	2095136.1	1.030243
0.0448025	2421016.5	1.0247363
0.0456372	2759979.2	1.0207828
0.0464873	3112520.5	1.0179654
0.0473533	3479183.5	1.0159948
0.0482355	3860551.0	1.0146558
0.0491341	4257254.0	1.0137775
0.0500494	4669972.5	1.0132267
0.0509818	5099443.5	1.0129
0.0519315	5546462.5	1.0127203
0.0528989	6011889.0	1.0126337
0.0538844	6496639.0	1.0126028
0.0548882	7001719.0	1.0126026
0.0559107	7528189.0	1.0126172
0.0569523	8077195.0	1.0126367
0.0580132	8649968.0	1.0126551
0.059094	9247818.0	1.0126696
0.0601948	9872143.0	1.0126785
0.0613162	10524432.0	1.0126817
0.0624584	11206261.0	1.0126797
0.063622	11919290.0	1.0126735
0.0648072	12665299.0	1.0126642
0.0660145	13446136.0	1.0126529
0.0672443	14263753.0	1.0126407
0.068497	15120193.0	1.0126288
0.069773	16017582.0	1.0126182
0.0710728	16958152.0	1.0126095
0.0723968	17944216.0	1.0126034
0.0737455	18978136.0	1.0126003
0.0751193	20062400.0	1.0126005
0.0765187	21199552.0	1.0126042
0.0779442	22392170.0	1.0126114
0.0793962	23642946.0	1.0126219
0.0808752	24954582.0	1.0126354
0.0823819	26329838.0	1.0126517
0.0839166	27771522.0	1.0126703
0.0854798	29282430.0	1.012691
0.0870722	30865410.0	1.0127132
0.0886943	32523322.0	1.0127364
0.0903466	34258988.0	1.0127605
0.0920297	36075212.0	1.0127846
0.0937441	37974810.0	1.0128088
0.0954904	39960530.0	1.0128324
0.0972693	42035064.0	1.012855
0.0990814	44201064.0	1.0128767
0.1009272	46461060.0	1.0128971
0.1028073	48817560.0	1.0129161
0.1047225	51272896.0	1.0129334
0.1066734	53829330.0	1.0129489
0.1086606	56489010.0	1.0129627
0.1106848	59253940.0	1.0129745
0.1127468	62125932.0	1.0129846
0.1148472	65106692.0	1.012993
0.1169866	68197780.0	1.0129995
0.119166	71400500.0	1.0130045
0.1213859	74716040.0	1.0130078
0.1236472	78145370.0	1.0130095
0.1259506	81689220.0	1.0130101
0.128297	85348190.0	1.0130094
0.130687	89122610.0	1.0130075
0.1331216	93012616.0	1.0130045
0.1356015	97018090.0	1.0130008
0.1381276	101138720.0	1.0129963
0.1407008	105373980.0	1.0129911
0.1433219	109723090.0	1.0129853
0.1459919	114185050.0	1.0129791
0.1487115	118758570.0	1.0129726
0.1514819	123442210.0	1.0129658
0.1543038	128234260.0	1.0129588
0.1571784	133132776.0	1.0129517
0.1601064	138135660.0	1.0129447
0.1630891	143240530.0	1.0129375
0.1661273	148444780.0	1.0129306
0.169222	153745650.0	1.0129238
0.1723745	159140080.0	1.0129172
0.1755856	164625040.0	1.0129107
0.1788566	170196980.0	1.0129045
0.1821885	175852450.0	1.0128988
0.1855825	181587660.0	1.0128932
0.1890397	187398770.0	1.0128881
0.1925614	193281730.0	1.0128832
0.1961486	199232270.0	1.0128788
0.1998026	205246140.0	1.0128746
0.2035248	211318800.0	1.012871
0.2073162	217445760.0	1.0128678
0.2111783	223622270.0	1.0128648
0.2151123	229843550.0	1.0128624
0.2191197	236104780.0	1.0128604
0.2232016	242401000.0	1.0128587
0.2273597	248727140.0	1.0128576
0.2315951	255078200.0	1.0128567
0.2359095	261449000.0	1.0128564
0.2403043	267834400.0	1.0128565
0.2447809	274229200.0	1.012857
0.2493409	280628300.0	1.0128578
0.2539859	287026340.0	1.0128591
0.2587174	293418180.0	1.0128609
0.2635371	299798620.0	1.0128629
0.2684465	306162460.0	1.0128654
0.2734474	312504580.0	1.0128684
0.2785414	318819740.0	1.0128717
0.2837304	325102940.0	1.0128754
0.289016	331349100.0	1.0128795
0.2944	337553180.0	1.012884
0.2998844	343710370.0	1.0128889
0.305471	349815780.0	1.0128942
0.3111616	355864580.0	1.0128998
0.3169582	361852030.0	1.0129058
0.3228628	367773470.0	1.0129122
0.3288774	373624500.0	1.0129188
0.3350041	379400580.0	1.0129259
0.3412449	385097380.0	1.0129333
0.3476019	390710660.0	1.0129409
0.3540774	396236220.0	1.0129489
0.3606735	401670100.0	1.0129572
0.3673925	407008350.0	1.0129658
0.3742366	412247170.0	1.0129746
0.3812083	417382820.0	1.0129836
0.3883098	422411780.0	1.0129929
0.3955436	427330560.0	1.0130024
0.4029122	432135870.0	1.0130122
0.4104181	436824540.0	1.0130221
0.4180637	441393340.0	1.013032
0.4258518	445839520.0	1.0130422
0.433785	450160160.0	1.0130525
0.441866	454352700.0	1.0130627
0.4500975	458414400.0	1.0130731
0.4584824	462343000.0	1.0130835
0.4670234	466136160.0	1.0130938
0.4757236	469791800.0	1.0131041
0.4845859	473307870.0	1.0131145
0.4936132	476682530.0	1.0131246
0.5028087	479914080.0	1.0131346
0.5121755	483000960.0	1.0131446
0.5217169	485941630.0	1.0131544
0.5314359	488735000.0	1.0131638
0.541336	491379780.0	1.0131731
0.5514206	493874980.0	1.013182
0.561693	496219620.0	1.0131909
0.5721568	498413340.0	1.0131993
0.5828155	500455300.0	1.0132074
0.5936727	502345150.0	1.0132152
0.6047322	504082780.0	1.0132223
0.6159978	505667840.0	1.0132294
0.6274732	507100500.0	1.0132359
0.6391624	508380960.0	1.0132421
0.6510694	509509660.0	1.0132477
0.6631981	510486850.0	1.0132531
0.6755528	511313540.0	1.0132577
0.6881377	511990240.0	1.013262
0.700957	512518050.0	1.0132658
0.7140151	512898080.0	1.0132693
0.7273165	513131620.0	1.0132722
0.7408657	513220100.0	1.0132748
0.7546673	513165150.0	1.0132768
0.768726	512968450.0	1.0132784
0.7830465	512631940.0	1.0132797
0.7976339	512157600.0	1.0132806
0.812493	511547680.0	1.0132811
0.8276289	510804540.0	1.0132813
0.8430468	509930620.0	1.0132815
0.8587519	508928600.0	1.0132811
0.8747496	507801200.0	1.0132806
0.8910453	506551300.0	1.01328
0.9076446	505181920.0	1.0132793
0.9245531	503696300.0	1.0132785
0.9417766	502097540.0	1.0132778
0.9593209	500389100.0	1.013277
0.9771921	498574460.0	1.0132763
0.9953962	496657100.0	1.0132757
1.0139395	494640670.0	1.0132754
1.0328281	492528930.0	1.0132754
1.0520687	490325630.0	1.0132756
1.0716676	488034460.0	1.0132762
1.0916317	485659460.0	1.0132772
1.1119677	483204350.0	1.0132788
1.1326826	480673180.0	1.0132809
1.1537833	478069730.0	1.0132834
1.1752771	475397920.0	1.0132867
1.1971713	472661540.0	1.0132905
1.2194734	469864320.0	1.0132952
1.242191	467010270.0	1.0133005
1.2653318	464102700.0	1.0133067
1.2889036	461145300.0	1.0133135
1.3129146	458141700.0	1.0133212
1.3373729	455094900.0	1.0133297
1.3622868	452008450.0	1.013339
1.3876648	448885280.0	1.013349
1.4135156	445728130.0	1.0133601
1.439848	442540060.0	1.0133717
1.4666709	439323260.0	1.0133841
1.4939935	436080400.0	1.0133971
1.5218251	432813440.0	1.0134107
1.5501751	429524640.0	1.0134248
1.5790533	426215700.0	1.0134393
1.6084695	422888130.0	1.0134541
1.6384336	419543550.0	1.0134691
1.668956	416183040.0	1.0134844
1.700047	412807900.0	1.0134996
1.7317171	409418880.0	1.0135146
1.7639773	406017000.0	1.0135293
1.7968384	402602900.0	1.0135436
1.8303117	399177200.0	1.0135574
1.8644085	395740300.0	1.0135708
1.8991406	392292960.0	1.0135833
1.9345197	388835650.0	1.0135951
1.9705578	385368670.0	1.013606
2.0072673	381892800.0	1.0136161
2.0446607	378408670.0	1.0136254
2.0827506	374916860.0	1.0136337
2.1215502	371418660.0	1.0136412
2.1610725	367914700.0	1.0136484
2.2013311	364406400.0	1.013655
2.2423397	360895230.0	1.013661
2.2841122	357382750.0	1.0136671
2.3266629	353871100.0	1.0136732
2.3700063	350362180.0	1.0136797
2.4141571	346858560.0	1.0136868
2.4591304	343362370.0	1.0136952
2.5049415	340249000.0	1.0137031
2.5516061	340249000.0	1.0137031
2.5991399	340249000.0	1.0137031
2.6475593	340249000.0	1.0137031
2.6968806	340249000.0	1.0137031
2.7471208	340249000.0	1.0137031
2.7982969	340249000.0	1.0137031
2.8504263	340249000.0	1.0137031
2.9035269	340249000.0	1.0137031
2.9576167	340249000.0	1.0137031
3.0127141	340249000.0	1.0137031
3.0688379	340249000.0	1.0137031
3.1260072	340249000.0	1.0137031
3.1842416	340249000.0	1.0137031
3.2435608	340249000.0	1.0137031
3.3039851	340249000.0	1.0137031
3.365535	340249000.0	1.0137031
3.4282315	340249000.0	1.0137031
3.492096	340249000.0	1.0137031
3.5571502	340249000.0	1.0137031
3.6234163	340249000.0	1.0137031
3.6909169	340249000.0	1.0137031
3.759675	340249000.0	1.0137031
3.8297139	340249000.0	1.0137031
3.9010576	340249000.0	1.0137031
3.9737304	340249000.0	1.0137031
4.047757	340249000.0	1.0137031
4.1231626	340249000.0	1.0137031
4.1999729	340249000.0	1.0137031
4.2782142	340249000.0	1.0137031
4.357913	340249000.0	1.0137031
4.4390965	340249000.0	1.0137031
4.5217924	340249000.0	1.0137031
4.6060288	340249000.0	1.0137031
4.6918345	340249000.0	1.0137031
4.7792386	340249000.0	1.0137031
4.868271	340249000.0	1.0137031
4.958962	340249000.0	1.0137031
5.0513425	340249000.0	1.0137031
5.1454439	340249000.0	1.0137031
5.2412983	340249000.0	1.0137031
5.3389384	340249000.0	1.0137031
5.4383974	340249000.0	1.0137031
5.5397093	340249000.0	1.0137031
5.6429085	340249000.0	1.0137031
5.7480302	340249000.0	1.0137031
5.8551102	340249000.0	1.0137031
5.9641849	340249000.0	1.0137031
6.0752917	340249000.0	1.0137031
6.1884682	340249000.0	1.0137031
6.3037532	340249000.0	1.0137031
6.4211857	340249000.0	1.0137031
6.5408059	340249000.0	1.0137031
6.6626545	340249000.0	1.0137031
6.7867731	340249000.0	1.0137031
6.9132038	340249000.0	1.0137031
7.0419898	340249000.0	1.0137031
7.1731749	340249000.0	1.0137031
7.306804	340249000.0	1.0137031
7.4429223	340249000.0	1.0137031
7.5815765	340249000.0	1.0137031
7.7228136	340249000.0	1.0137031
7.8666818	340249000.0	1.0137031
8.0132301	340249000.0	1.0137031
8.1625085	340249000.0	1.0137031
8.3145678	340249000.0	1.0137031
8.4694598	340249000.0	1.0137031
8.6272373	340249000.0	1.0137031
8.787954	340249000.0	1.0137031
8.9516647	340249000.0	1.0137031
9.1184252	340249000.0	1.0137031
9.2882923	340249000.0	1.0137031
9.4613238	340249000.0	1.0137031
9.6375787	340249000.0	1.0137031
9.817117	340249000.0	1.0137031
10.0	340249000.0	1.0137031
